	Cerebrum	Cerebellum	Retina	Colon	Liver	Small_Intestine	Stomach	Left_Atrium	Left_Ventricle	Right_Atrium	Right_Ventricle	Kidney	Lung	Spleen	Ovary	Uterus	Testis	ASA	ILB	ULB	GOM	MAD	RAD	PAD	LIN	MAS	RHO	TA	GAS-L	GM	PM	SOL	PIEC	PK15
Cerebrum		1.65032716556794	2.36062229691859	2.24178128031445	2.7834367563618	2.4434723734933153	2.92024344361945	2.48578892248164	2.4975500000916804	2.3811140690960295	2.5342384075554603	2.394137003283265	2.25219771669399	2.2026956653063348	2.47990243799461	2.43321343738756	4.084672495889845	2.24291581829908	2.18378049240417	2.10788128641435	2.0308073946620997	2.2809886864837003	2.29605956661098	2.33718287765057	2.578941974122185	2.4674544965202596	2.4745091733169353	2.414411842278765	2.472160462410045	2.47487932504827	2.2185933659481503	2.36384587951209	2.92787747380423	2.85786536902073
Cerebellum	2.17929078834651		2.39486108865227	2.4213638073323	2.7954460949012	2.49270717958306	3.0217634258514954	2.57839494013246	2.59695467824955	2.5322195529898797	2.5838783387363	2.5432826704799996	2.403557046271615	2.30081937294419	2.5121392379275402	2.5788429350589	4.07904243630363	2.3562290663500347	2.37803955696322	2.29204965960202	2.27629395216708	2.4259065575456202	2.3913048595010653	2.455717953340625	2.5799296542423704	2.4269719995094903	2.47554734407461	2.38396267011136	2.34671211255979	2.42222970795115	2.27577826263611	2.3622378641739203	3.11397223152076	3.100172419703325
Retina	2.46820760365848	2.11967750787535		2.6385290677209703	3.03184979705065	2.6771325767031002	3.1976951740918294	2.9076934549042006	2.86266570256497	2.8153311188662005	2.8536975454708498	2.767556409722615	2.68402848689903	2.5595146045114197	2.9554618459259703	3.03106508886486	4.4719931730363705	2.5624932103332396	2.6398487459049	2.5323891691831353	2.535031230567175	2.6641471930952347	2.8130691528224503	2.7174047913752952	2.867293070777105	2.77666854720249	2.850293502221925	2.813371318981555	2.77343686641949	2.8498160690402754	2.6687647175588904	2.64079772082855	3.594856374700375	3.3359108873557597
Colon	2.518139787716105	2.17875236991272	2.6082326129274502		2.62440655242545	2.41537020214829	3.21118365722269	2.3349269216438	2.42305798275456	2.3080406125121797	2.4177586257237698	2.3131968558838	2.1026169285420497	1.93707916594323	2.3331120891213804	2.39527515077447	3.86504311480122	1.95898868930814	1.9991877974641898	1.92589719045805	1.8561030218200099	1.93240702938931	2.007957984051405	2.05736465561507	2.3584700734401	2.30849087505373	2.3892772067727	2.33799238564524	2.346387766094625	2.387238811914215	2.20964258324871	2.2241049609693904	2.92356589998095	2.8815746653529253
Liver	3.02784699401264	2.41287859198005	2.91809772662834	2.3009202380095948		2.46539800465596	2.97418185003689	2.87914393706627	2.90966953275979	2.6773533246417403	2.825009295627675	2.7009617330869595	2.22809250991537	2.23882321049502	2.7152694080047204	2.8053300253193902	4.34264319263736	2.35106407696792	2.3357130988574104	2.23909503261365	2.23030841020404	2.447896489810825	2.49965834486654	2.493430064228905	2.91071596293173	2.759148029300925	2.7400683880826353	2.6592023147266346	2.63174909431457	2.7479545637130647	2.546635863806605	2.5792935962415897	3.2682207581106204	3.24837214106159
Small_Intestine	2.48823218379901	2.15342845229564	2.5105429516046	2.20410042847502	2.55952009592202		3.16193694086207	2.3277933848994303	2.4078478108432595	2.2609623757978596	2.38204209170408	2.34077379470693	1.9778830799591598	1.9785850720953602	2.20074557717857	2.3994250916539253	3.72358815705875	2.03414620033955	2.05861966026153	1.97771762348234	1.88647040574346	2.01467670276823	2.1111793544458703	2.143910312145775	2.35779823932696	2.3223031986666403	2.39501805194757	2.29168143511917	2.2369646958573153	2.32454456163843	2.186413774865865	2.13548121888356	2.9537715384541547	2.8491129183312593
Stomach	3.93586230146689	3.61407286675544	4.001727796962459	4.5378312883543455	4.12857797556687	5.29356987132141		4.40442406219357	4.25892073584661	4.1032069918623	4.33688642318832	4.34890511959843	3.6800390019156204	3.6453511324164802	4.0036029856870154	3.883864928270145	6.455397172895465	3.3981712475653194	3.38086934688096	3.31566841283844	3.258090010032495	3.234281458964035	3.4715017468855054	3.56176715316826	4.41095374988639	4.21782123450123	4.0202720212675	4.01236500865206	3.89504779878439	3.7960267701515096	4.063534043847925	4.25648855929695	4.4777699152407004	4.120974020491429
Left_Atrium	3.0501386956576004	2.38905678483408	2.75485868780783	2.534027490042115	3.18094825848096	2.7609021284828046	3.21104786248784		2.5536004988580503	3.05537177757956	2.7873203445490597	2.79605725712049	2.5750845075347053	2.492662795398425	3.38362137576277	3.3326252902770097	4.355214751020375	2.33488108190966	2.4475016021361	2.10162183654078	2.11817810359996	2.38885569873558	2.797849781547145	2.29865844438133	3.0452881247318198	2.8811786235831	2.896401265393235	2.82790510315799	2.795975050115925	2.8461136085893752	2.771708969674775	2.4834564038893996	3.418324411920355	3.31743681004485
Left_Ventricle	2.780164430662855	2.256974511947205	2.64829599315267	2.29283319310202	2.784388788883495	2.368851377984075	2.9613062359964104	2.4486647581		2.26235974721019	0	2.46305463173414	2.25942912199849	2.05090336440669	2.49524904445913	2.62387899644646	3.98763381075112	1.99366769448622	1.939490930326065	1.8517222941153202	1.84784522691772	2.04074833695721	2.18078267696047	1.9498389801242602	2.7014008559355	2.4276194254412697	2.4028771075680098	2.3148128984494902	2.17026116604312	2.3867049388921346	2.18142235287375	2.2944138037965702	3.16137852877611	3.0961386250853904
Right_Atrium	2.6478362282245196	2.140072266311845	2.63934697588989	2.26775614745633	2.84119449423688	2.36322608016192	2.997651891429015	2.46652590367137	2.04507976245945		1.9657781741245	2.42251188725908	2.20371218239939	2.119111660562565	2.6051048691700047	2.66779953418062	4.02226444276778	2.085452851773765	2.037531941199685	1.89163812751679	1.883221520012335	2.1067208109944096	2.1942464104437454	1.99808785792014	2.72790045980671	2.5321829723315497	2.6362063320504596	2.44457023973289	2.31116110117998	2.52005678948196	2.28047572191226	2.345584787526515	3.1568807577263303	3.0432514946531404
Right_Ventricle	2.797227564530365	2.21650241529654	2.67604860960854	2.2654936667219703	2.88769928919105	2.42999180630134	2.92842212317635	2.46824168178414	7.52315101172384	2.178159466642965		2.49612265769776	2.24350747295182	2.07967717374673	2.5883849456947403	2.70362881671024	4.03339988169323	2.0544011882762803	2.0399121612702498	1.8694111126343402	1.88742010894042	2.098434422380995	2.27383004987042	2.05624258242275	2.87637905785315	2.54078097154907	2.5158196944493403	2.3704807915772355	2.2668320773848	2.5253745757491304	2.31094828912029	2.3607123736160798	3.16123740399809	3.0748467016788594
Kidney	2.56922865498787	2.1826082899802604	2.66829490200048	2.118287867522845	2.54720297109839	2.22714408920627	2.925054773350195	2.55226143449387	2.52967156802782	2.38368180663693	2.4728433409495		2.10278625207125	2.082429040758485	2.49126932285726	2.5216801906880297	4.0006905977695	2.03929941949803	2.0275388026354797	1.91125872693552	1.95105803867795	2.0636038689543748	2.11511694517097	2.17309584220649	2.5297671778667	2.37630833736278	2.39676419343588	2.295635592030475	2.2724111431203697	2.356811462718955	2.188772586479705	2.19593351463212	3.02768924091425	2.8322706003819498
Lung	2.57351234927136	2.174809828573	2.6164531578265695	2.20519298700898	2.7025432842068193	2.45005567188604	2.9135294965501406	2.53011528251171	2.5772502620133197	2.45049382598866	2.58343489180071	2.4317578928116803		2.02394779445715	2.48866296828033	2.52938194559033	3.86123814733091	2.01533630292055	2.029304633187095	1.9008857029831498	1.8225841120472699	2.0828984541620903	2.1998288418664504	2.15394601753018	2.61458357023513	2.4689268281596	2.44485537554028	2.4005432094531196	2.36728476763029	2.40811072419327	2.281984638899	2.39348929945491	2.9037433316240002	2.957215100535365
Spleen	2.5135160003856702	2.22575769056996	2.53520430243171	2.467154722049985	2.76674202809071	2.54345698972562	3.12797888200813	2.4857181589025297	2.56216434524431	2.3583690763273353	2.555307266355955	2.52826098490093	2.31513684751946		2.428212870911835	2.5994573376202452	3.66535939701681	2.1407665892379146	2.16795644892898	2.0693646831941797	1.97727547651129	2.21874491046629	2.2533627657268	2.27884954737641	2.5558541191577353	2.4776462738366005	2.5576677231730702	2.44261320815598	2.43377767285256	2.48210911156427	2.3702160380958155	2.3572021553120797	2.9675398096001055	2.86076929952431
Ovary	2.50304413316856	2.1314831621111647	2.5868659847061	2.3123484716500298	2.843812119678205	2.441751877173565	2.9979541704836405	2.844949195934875	2.65626109726386	2.699838047708125	2.6495581129982595	2.5595450293234503	2.19464633520585	2.2891734491268103		3.0535503416719	3.73013892507952	2.49738878498199	2.29424126461523	1.99121440066229	2.04884190758517	2.4401345154133502	2.55183124222659	2.600022948246965	2.848899444164025	2.8087708839675054	2.7999209836202503	2.5737951879948704	2.5015429764465598	2.55252344602179	2.4114117463217646	2.46997641049875	2.8492198342276205	2.73077851802165
Uterus	2.66256973895279	2.198692866726915	2.8427084742671953	2.549344159602985	2.9630882807131202	2.71974701023876	3.1117040745282205	2.96509599045112	2.8845861474992747	2.85638915490535	2.8425631355729597	2.6806775610869398	2.41750037857843	2.48113896399982	3.22730357244136		4.20048921306946	2.47473648758098	2.35591129833358	2.15891810632549	2.15330660787354	2.6735622795896097	2.7209016000529105	2.73114282911937	3.041884480710415	2.775216984428	2.82943505680445	2.639271148293305	2.5711169094209905	2.76092261526239	2.44335717683709	2.51191000880927	2.99925983351873	2.8974262094746797
Testis	2.4711258070629203	2.1720621853833797	2.523125466410165	2.12177164198066	2.53374245561825	2.167357130687005	2.5824369956630298	2.3390931817120997	2.41436200272142	2.2849097388259	2.4372869929959853	2.305505167614745	2.15132444026042	2.07742214722944	2.17017666788837	2.2965855770678		2.1468536476518203	2.118936895509215	2.0555252061404596	2.09066326926786	2.200209605153805	2.2025365879083347	2.2100913035225895	2.4188874079508196	2.37407722900501	2.3725531054841698	2.358205660026905	2.3141081941009354	2.39799700484255	2.26632444548696	2.30549790336188	2.72860007642188	2.6183334386542754
ASA	3.05626097965425	2.39923541723235	2.86846328888811	2.7958501366412554	3.2143239440853346	3.00794029314926	3.41950436820986	3.02940009818432	2.81050567818386	3.10503852059479	2.8840803695706003	2.8554076499106404	2.717667350166455	2.729562047713435	3.7274750481826096	3.40341929957191	4.5532604403		5.69636115356799	5.17071568533703	2.307152892326585	2.7858383374198503	4.2181364099259895	2.77103117526883	3.0798802553553903	2.97650589927903	3.0372513263951753	2.8923035338866203	2.85688471351152	2.9054137877778	2.6907835180575	2.6382422121166	3.434201205094765	3.37611165311221
ILB	2.8951152719845297	2.3829542952915497	2.89923218463179	2.661189936320985	3.08263154907745	2.73296476473029	3.29556525483589	3.0172264057009195	2.799217928273955	2.9978171756397245	2.78539540647815	2.71268673556204	2.6028173803212598	2.57589641851156	3.22378208043621	3.08294410942379	4.2990905813011	13.723972491442002			2.2183506547388	2.73291172516622	3.7183744332761903	2.7464480568932004	3.040023062899415	2.9169985134321403	2.92101430934605	2.76832517624312	2.72587840678672	2.65624701403847	2.53782357435681	2.5982860986725496	3.1815597103755504	3.20185033386072
ULB	2.8448349887193	2.29418176322953	2.80148933832916	2.5535563496925495	2.91720463268599	2.7998316616461496	3.2798954891113503	2.8619697063949596	2.7386440797677603	2.8607321510771397	2.7112663729042152	2.63938775198231	2.4547212069486553	2.5127902006803153	3.058324595131245	2.87115473510503	4.29789735910577	1.890526231063585			2.03230533935792	2.5935343592751203	2.9781922113663	2.701322203817455	2.949429695667715	2.69294131375261	2.6350660678305298	2.58202403063585	2.5813705498847703	2.560320325481295	2.3981379535469154	2.5216249768464505	3.21363171660942	3.106997006612255
GOM	2.80792994217936	2.370107582549935	2.7580398281889154	2.46620922350049	3.04914493504368	2.817631264725165	3.5410857020783104	2.837215306670125	2.8136116845228396	2.9307580921944947	2.89984843142933	2.8817373543670897	2.60043007236302	2.37373101024265	3.1481842666879203	3.13661882492565	4.223633311607915	2.3582200682482197	2.0592366522274097	2.17409456110948		2.41649640086239	2.96806546496413	2.67550909714952	2.93737805489502	2.751531577217435	2.7790572355553502	2.6674926300815045	2.6187796013432	2.6307837524228304	2.5301859170538252	2.614934520474395	3.1306444468232852	3.2085239004595403
MAD	2.8329215819787597	2.2621777941858903	2.696499929619795	2.5608781084876	3.122980663763305	2.7389403715658354	3.5156075677266	2.92429226050073	2.9216176366138398	3.1013364236855496	2.87514662019097	2.74671062513793	2.65045538741503	2.46017207316204	3.4038606774320495	3.4456584375571	4.252406130688691	2.38756797167937	2.4641962447939503	2.37525602313511	2.438215182710845		4.08931382369577	2.93640677545052	3.012533639979055	2.7532884835685705	2.86317676445422	2.82469551418464	2.7123616599555254	2.7051364326331697	2.65729694247987	2.5378072957799502	3.22531918087929	3.1904759180075
RAD	2.9915436145876804	2.35815329317987	2.83368017860618	2.7642399409894	3.3951844482834397	3.0070464535399255	3.5788356129169703	3.2072664870446497	2.970416319471455	3.1431210700182097	3.0689279299857253	2.7999795408786405	2.772732819503485	2.5295392804485948	3.700937958782375	3.53380169735003	4.39892448740606	2.910075948511425	3.3452814223678704	2.9587771552437347	3.091643279256335	3.993771865679725		3.2692531486999705	3.32337705253996	3.0592584553735502	3.349962841372335	3.0332689795842844	3.0094816024931097	2.98324193040043	2.7846323826244452	2.6538851974105	3.29563306589689	3.20014295613346
PAD	2.77680293882128	2.290835481385025	2.705182099436235	2.4904633498236497	3.1522239718018197	2.74774534471021	3.44887654930507	2.4566361732788	2.38413864695311	2.3429300585799	2.3914004198956698	2.750147830670995	2.5924929318649	2.5778732040650905	3.49795966437105	3.32670119805538	4.17965273780373	2.2687018781565897	2.4414629912665	2.25875586249577	2.16056175158104	2.32187068879852	2.78680775867533		2.8948128370345803	2.751158991239895	2.8456161496272703	2.7812383559466403	2.75704863785389	2.7104979532251297	2.57144620956452	2.42032069435396	3.2969991930568	3.18830115048892
LIN	2.977323285140225	2.3543213059880648	2.8574572901672797	2.51690928638225	3.06505872952883	2.6987579512343403	3.34366332165213	3.0368095132773596	2.98733568167185	3.09722462825806	2.940611931798295	2.6336797496801747	2.47488836482298	2.4126445214549648	3.12555201363257	3.2493186248245602	4.280295480769025	2.2689312381107203	2.3279717712194103	2.1317286166733505	2.09488757104895	2.46417159105049	2.7026838229419052	2.49112176240763		2.4722545062779098	2.6910494412411454	2.6155443359498	2.58675315077547	2.6427412487765496	2.39817530044862	2.2290300196681647	3.3469712751344596	3.1674712201645603
MAS	2.85589211029364	2.32304570729554	2.705761138996515	2.4686144664492344	3.0500159734371204	2.65776203568832	3.1600154784561902	2.81328400968817	2.91891733095447	2.82961528869942	2.8335985127414602	2.528313726803275	2.42852532425354	2.33454971685538	2.899400702874865	3.089924355352525	4.00758240365018	2.226693779840975	2.16346671414465	2.0464635152924346	2.056029296176675	2.15278917359025	2.3921919500848503	2.29346451234768	2.69004541938805		2.8395946902825244	2.62427087109956	2.821288026644515	2.85485221020929	2.6850725603213697	2.64162392224356	3.3758505628434152	3.19506215228285
RHO	2.9852116025932247	2.38957108959423	2.87264000165378	2.69317161443874	3.12836724691091	2.7097280741442997	3.47646765967062	3.2271525895666597	3.02213989601686	3.2641640895016852	3.085630005131695	2.69677955212542	2.61136118209721	2.609225340857375	3.177437939362135	3.27111874701584	4.380027572432285	2.096712480820475	2.08295020425016	1.90505607521025	2.01485919967152	2.25062031675429	2.41416079865787	2.4682155067564904	3.26822710432065	2.837443951750365			2.859951854463815	4.66968329689915	2.397690644890245	2.6195077571585803	3.334012749300685	3.23603488393627
TA	2.8471498905147596	2.36315414247183	2.84676569329555	2.35532142505281	2.8515268494773895	2.460532241150985	3.1185666745514595	2.82686030044971	2.7139980882422297	2.6804178038058053	2.5767477817658397	2.48201135865445	2.367704083548325	2.25305171900399	2.60917664802429	2.739074999887125	4.2757643012425195	2.0006251590089548	1.925458004894875	1.8328877252529698	1.8451262935349801	1.9185637904768051	2.04773942863296	2.167475889050015	2.8326241525471003	2.89905548031107	3.88421123571504		2.4241696914149404	3.1394416343394798	2.4024734368313503	2.44310824743406	3.2194525693506497	3.1096136622159296
GAS-L	2.60837934647601	2.21336616609162	2.7313276551565897	2.29545220145921	2.7892063427639053	2.4115854274626196	2.8749756762399796	2.6543498853627048	2.58160958443047	2.51814455715644	2.527004525542055	2.39714599180301	2.23758398755998	2.16946823524613	2.3913787656733554	2.5238327797641	3.84317360700277	2.0188150229676203	1.90094786658613	1.8165710080994901	1.878230647530965	1.9407499595788202	2.09007694234324	2.11585887008615	2.8002758084318105	2.47100368685068	2.481876227589745	2.06453612597844			1.908272314469425	2.16231138246454	3.09937897176179	2.8912034623779697
GM	2.86943556388574	2.3588101445137797	2.8890742992631298	2.461259294584795	2.9609010314152044	2.52050095123592	2.96829986386219	2.8384812632969303	2.7140563656103702	2.60513343404338	2.72287190292581	2.4396697565564502	2.5031435943293596	2.30348298256311	2.63775070098858	2.7040396033114953	4.32130669395386	2.10265483945848	1.9579158169803201	1.88674746940298	1.922919086934955	2.044743888503305	2.19105154293581	2.2053905415195505	3.1010955396745645	2.57611203485305	3.116685023411165	2.573534182676835	3.4517266839455303		1.87044949072725	2.5126433572099396	3.24017457241395	3.1223994258329397
PM	2.91510632273613	2.43119406040912	2.90422902856915	2.56314911093431	3.0927004044348103	2.649910610490455	3.1382090331940495	2.9310925790077453	2.9792755832074653	2.65838236405368	2.99145105544155	2.62338590461457	2.52382865815438	2.33604506266929	2.772952303109405	2.8862736197331396	4.26437469000785	2.13541276586154	2.0875506506484696	2.014535967276995	1.9744860012808099	2.11700590625426	2.2811581872112403	2.29614899895265	2.91278223297403	2.42914049369357	3.21758627775088	2.48894581345924	2.61304478864359	2.3235922129681		2.040142667096475	3.27013593221257	3.098820745333855
SOL	2.66537351705166	2.18035205001462	2.620548336865265	2.3126211734460798	2.75233199029429	2.35210472053573	3.08397170659436	2.4879831225398146	2.68684854397607	2.58031893735156	2.57603853985285	2.37270421911506	2.24889836540105	2.10751715219331	2.40602244996252	2.54557343325178	4.006672060809414	1.8814757575376349	1.88536003413012	1.8301356207862198	1.81437588391849	1.907740168663735	2.02450686651339	2.0570256474865802	2.49399851951008	1.939226248730865	2.19735395069155	2.259604291789615	2.15496790071792	2.0496080128095198	1.8005562600400449		3.1293883121236403	3.0383699673764597
PIEC	4.65550972252834	3.8784543201721347	4.12430762530718	4.019741915629311	3.85188780935831	3.9764609291616897	4.032388854701335	4.14872826209275	4.254657872155921	4.126881297415689	4.145200184950985	4.27578027530696	3.953914792046285	3.7936312211810597	4.26394858354614	4.08949800959399	6.083987428454799	3.83762293019796	3.7409177423888904	3.865960678906405	3.6859289268001403	4.02010488106845	4.028504401161585	4.04176885271862	4.24076726676594	4.0098173151588306	3.95930005607871	3.9175188722922005	3.80507250081379	3.7306168140875853	3.75067593411905	3.9582664918653303		3.98826094215511
PK15	4.645495479292009	3.98424565741309	4.31319444396691	4.679729906052345	4.198663306196259	5.0898804906535196	4.358247742854029	4.638903241609531	4.539350068174915	4.736759256940536	4.39818203762638	4.46892760134191	4.68743023139418	4.21846738717624	4.28200332211165	4.738495067608415	6.223626879502669	4.18030309110216	4.10374062194896	4.1276230172384505	4.064247673286845	4.44832414200623	4.33360620654275	4.47162385477929	4.49434778498237	4.37996457042088	4.0886896699900195	4.1597886895948	4.06431079824639	4.134821002230005	3.94357556650952	4.20884392687667	4.7435047975430145	
