	Cerebrum	Cerebellum	Retina	Colon	Liver	Small_Intestine	Stomach	Left_Atrium	Left_Ventricle	Right_Atrium	Right_Ventricle	Kidney	Lung	Spleen	Ovary	Uterus	Testis	ASA	ILB	ULB	GOM	MAD	RAD	PAD	LIN	MAS	RHO	TA	GAS-L	GM	PM	SOL	PIEC	PK15
Cerebrum		6.899891991377309	5.3989724192070945	4.59414949428262	3.7839610310501897	4.989019263380549	4.51020665776218	4.261142235868055	4.317931351996485	4.0710404797409305	3.88827569272595	4.2177101231197405	3.569369298795995	3.9360304503151156	5.916591674397769	4.710896360971765	6.66686594684234	3.8429374118300004	4.03225814119607	3.93033704513646	4.51327310163396	4.10215385454073	5.503987558673401	3.67648093087412	3.85204640263321	3.94759278850518	5.6896413779219905	5.920088797190241	5.9729908079838445	5.0285049386928	4.434153494431365	5.85903851026792	6.355232081551889	7.173486586273941
Cerebellum	3.8405588041558847		4.132304865843455	4.77336469227592	3.8625317376748196	4.347742505467865	3.9703298502919604	4.841513297124459	3.98816739893479	4.6940016202464	4.074111314174949	4.96446240852759	4.45131814599425	4.08751345307269	5.9503411376149105	6.2021469353392895	5.955296156855135	4.854703803047951	3.84074721145117	4.335298080306695	4.653760807428156	5.337182289635219	5.46504882977719	5.056337863453525	5.10251076435922	4.8837419141693	6.452464810402945	5.49043627384605	6.523041805965231	5.1077635426931245	6.035681273459585	5.2777390446250445	5.99091720369078	6.15914675845233
Retina	4.389778660195545	3.939290199914745		5.63589350337433	4.681643297872984	5.788207105742375	4.5610372326340105	4.973949887486651	5.354800456714745	5.290103543819975	5.104216078285106	5.865101009088041	5.738782715257651	5.02497369901642	6.0486768105284	5.96506318947917	6.50494215437963	4.572193080556559	4.885584734255129	4.235304599053255	5.23869563126882	4.76745742485703	5.85237464238115	4.214440724978029	5.7280829140624805	5.55387463187948	5.768317180303709	6.011059513685305	5.890561206689609	5.85204761370901	6.129861029347265	5.93452545734025	6.498771934770445	6.5686807318099145
Colon	5.211362224159605	5.5371098021782394	4.53927903024024		2.8152893545297397	4.566113247949315	2.14261213534843	4.464942905698605	2.8943983336768504	3.7197411636427646	2.59862740121327	4.72892556014113	4.035241439888545	2.21944285538304	3.6880943161251896	3.9188408582671155	5.8879563911335495	6.106088687922584	2.8232247942620647	3.26091140611377	3.50380581901363	5.329655176399555	3.88834207847745	3.40089011854037	3.53444289803057	3.6796368448809	5.90143181702677	5.567580392956295	5.2546370424328845	4.641104653298675	5.164763778162275	5.85922325168753	5.1641249602343	5.0433205211488605
Liver	5.4291366238328	5.583552558400395	4.74886783385857	3.66420182608995		3.1761526092194505	3.42042475311498	3.5438241786191402	4.344588913640695	4.68389976719566	3.9103946233518303	3.935005684294405	3.425078985961965	2.75890465003573	5.28968608790059	4.980383295131205	5.79489518319159	3.60206838247107	3.07192296799936	3.7795479188799	4.52477525480192	3.71119238357827	4.747748294373309	3.467228373714	3.58427045541861	3.4045362794423997	6.034604830260075	5.85864796939417	5.921697894684675	5.369700515862251	6.000037790708935	5.6322686274517	5.33004467800093	5.344585475731
Small_Intestine	5.2966050599624594	5.689766130793611	4.784684591589745	5.05584259476354	2.56249734892349		2.557489637538195	3.66455829767425	3.7398220515315597	3.973256393002125	3.227881661840695	4.944673897653225	4.31508224171426	2.6074882992469153	3.78747430365099	3.78743497503372	6.230636494775079	3.3690663284222153	2.4341933294489304	2.862525142092145	2.42171762958291	3.5792482499850102	3.08828165028013	3.3669860787784898	3.6870459696921003	3.7135340092669398	4.69048879417151	4.2212652581461905	4.607401207942974	4.485578439293786	4.27327122595197	4.1349387474767205	5.2269339445239	5.0389711575118605
Stomach	6.129581142050606	5.8068603881140195	4.8934347514954	7.05156653246684	3.86564054915811	5.644413993036254		4.14141153412246	7.05183845841599	7.10031516743973	7.05256533881241	5.654095727879361	5.100675193080935	6.22859410662652	5.504986119904691	5.1281136273293555	6.479456056126129	3.06298713317313	3.9496285824216097	5.860931545016401	7.38190195173795	4.08701602347011	6.88629032187605	7.00707249993085	4.32661212914196	3.934574660024805	5.589360855465095	5.407061171597659	6.43014574880224	5.33521654774735	5.763926719537205	6.904846661402921	6.0457766836328695	6.2000212265932
Left_Atrium	5.5268676607188	7.189877136797381	5.298401358989455	6.1638683043865	4.463478373111379	6.981233676033015	4.2316250474717005		11.003609915340817	0	0	6.463434843181171	6.468711641683045	3.7212411604490603	6.200390713649259	6.92801378719393	7.11868729722625	5.25041479936888	4.722987326517565	5.28324483992359	5.04890545883014	4.383117140483041	6.50081769320868	10.8195740176142	9.501395291195884	9.16552359819622	6.259739994773825	6.094884377202136	7.918465634436985	7.8540584095387995	7.8168609065144805	8.52813389108168	5.5993735791613695	5.907093621806885
Left_Ventricle	5.220236974656426	5.36770250810771	4.81237757414108	4.4012448105528605	3.89911939667292	4.62155559481216	4.3073988695776055	0		9.5468280276465	0	5.59137321074744	6.266641473027871	3.2371175762838	6.12814300546422	6.479669509606509	6.36412105803091	3.682750637047585	3.43818285351566	3.671672848379315	5.213108096801216	5.74394359397889	6.509287878380925	7.91911659017407	6.790378442181059	8.026759712876409	6.93989366850575	6.849581430942406	7.257156248044165	6.5068666187679005	7.060402123294541	6.92553791856091	5.47555205241791	5.6311416861879495
Right_Atrium	5.36585693857911	6.397267767649765	4.52777840583904	5.566426993180446	6.96297961463369	5.696942879121215	3.8646567570775403	0	9.416719340144551		10.141694267121801	5.89802072541374	5.24925881847437	3.87409508814263	7.8625287079178	6.196969745133081	6.956502043025744	4.96480309440716	4.52209559505882	5.26863231176593	5.75543864771868	4.393513405081356	4.880950117147475	0	10.834154832520035	10.93020630354815	9.5531204222153	6.288912123566	7.32032807428099	8.045459090365856	7.48183135569904	6.440472126550285	5.650514807361491	5.471692019089919
Right_Ventricle	4.727652095629031	4.73399422146909	4.51318197745183	5.02049488594684	4.373752363374265	4.65684187564239	4.7109375754999805	0	0	0		5.775277561697941	4.6674699426068	3.5801516127889053	4.66964984051471	5.875372622291571	6.03071469911295	4.2338641130027	3.34708559653023	3.698987730706275	7.52987264263683	4.57661068573014	4.24708726426071	0	8.885907203234815	8.28470224877867	6.64025134090806	6.244867664660751	7.432701875474925	6.606544858086945	6.3658600731598	6.754447257014185	5.378395443659494	5.553646240058315
Kidney	5.42540415927516	6.091620201649301	4.56541348963246	3.1373474779827353	3.776746056315555	3.2702543894956295	3.08159358635486	4.18067373323428	4.64490803457036	4.8969399228444805	5.3445609229314295		3.6031104358262205	2.8310280700957597	3.45779482328453	3.4793206061506896	5.93155335215011	3.53082078838939	2.78587029613339	3.06338188891747	6.42391223008219	3.74694595355996	3.60367937050865	3.91759188587789	3.641950914321905	4.55364155492658	6.38619987967556	6.3233679428034	6.83992953587767	5.152164106542175	6.60981808732795	6.46344411724186	5.28970060992128	5.3728627063193395
Lung	5.78142139746584	6.99979296594638	5.49169561516417	3.3091543306150903	4.200114808921141	3.5371821115617696	3.620239070786475	3.8770682225636297	4.4941013856964105	4.90563509495585	4.631079816450675	6.01517957650074		3.95746377112769	4.80588388356209	4.62486338811606	6.2485549770708495	4.796131284762519	2.91404359455377	3.2092802712044	3.8998287215284	6.529046130095056	4.32156803870175	4.47264294860115	5.24445442894001	5.1477025024451795	6.681102351149041	5.6184681277796855	6.600773872082145	5.245864439651425	5.699378454725095	5.966126143433099	5.16308910281084	5.33338043840116
Spleen	5.3371640451025195	5.19183252885414	4.562417801027475	6.407768822856309	3.8532372761783797	5.57793358375981	3.9373095876398	3.95799766640935	3.402292761563505	4.315440407018659	3.2901892656463954	6.388189560758951	4.639661474902136		4.15409193252195	5.667052136245825	6.3615977647668345	3.4675003003360296	2.71297779692788	3.94863912877208	3.64441715959744	3.33407637027125	3.56384838832214	3.4082586031736497	4.57271753241244	5.4309807311967	6.32954000482116	3.9905280088012502	5.3854066811213395	4.764606164146115	5.66347388547179	5.54371785363446	5.3810434121787	5.33969542089254
Ovary	4.9814931498624	4.86963579281665	3.78432835715579	3.2062187450497004	3.1134502335684	3.37521562307747	2.88477090256982	5.37152824358978	5.44011816221775	6.596619365053611	3.5731755727930294	3.25742880930499	2.81832598564731	2.2470556958589345		4.38199259408405	6.0103916087219	4.198464154596491	2.64867854463151	4.271631660403875	3.49666409832705	3.5277263656501	4.614889128795454	8.30952944267554	5.729434985778265	5.89616261183745	7.78004753263734	5.74458464322038	6.4343069152678005	6.02435168529319	7.014249650142601	5.613373240589844	5.35822649993653	5.78935858495995
Uterus	4.85591718868488	4.7821509832939695	4.41860970565935	3.20005853487606	3.2576741118581003	2.662863710776945	2.41192680628692	4.8836618722690055	3.4683078662424998	5.85428900307063	4.275090536937054	2.58974933534346	2.8671919991488397	2.6449191893622297	6.3520748581335145		5.70885038264099	7.76554533233887	2.9793712568285002	3.3227527902493	5.19631949550704	5.095791316191805	4.235781034478325	6.19019705508576	5.789316705584071	4.13091212357173	6.49002874565784	4.6761552631038	5.62270905320181	5.9949113076161655	4.4621075126525	4.57608346751444	5.2590336504940804	5.31086046536759
Testis	5.4790491952715	6.16838772703035	5.1408763768793495	5.088789045638411	4.429329238185765	4.855051006997679	4.5837303181184	4.79630993955193	5.35312193968599	5.97912411775372	5.1458119797316995	5.139072924851066	4.74580523420569	4.149417693341659	5.01795211802961	5.14027367247869		4.5955288914155545	4.6423899870915095	4.581224146725214	5.02061313169769	5.194168967076264	5.3349160712105	5.1673865015639295	4.798306284586165	5.25750355186955	5.7985147693732095	5.38956524470595	5.392730116442195	5.44683757686617	5.3806845580013505	4.80821420172029	5.507775459763255	5.33477774250167
ASA	5.769133833836981	6.16162751168504	4.9955715879784846	5.39260903850595	5.51531098831974	6.4521391258786895	5.1964794384056345	6.69375138519493	6.024502306011005	6.283956435750411	6.55087968708155	6.002124618486009	5.44379101045963	3.56821103051633	10.403436089286801	5.34362252728776	7.564123600977941		10.521135519562801	9.99433440888502	9.889814166507302	11.26656207836875	0	9.959568354753909	7.184310151019305	6.1102723481601	8.29516690223803	7.153041007865905	6.6700701682638	6.672726265420495	6.845416668446631	6.10281852810179	5.6708409467004595	5.721394336190911
ILB	5.1118934936409905	5.066073193316635	4.490041041207055	4.37191842896617	4.59425259301776	4.0116456965552	4.441357813063029	4.812633346123951	4.186126576714161	6.581951195560496	5.408599957997231	5.249273156899	4.5335003183841	3.60006811010875	5.18841856847343	5.518651554691615	6.040095565415816	2.708998101697555		0	4.28215534863173	8.424847662660435	4.51153287517926	9.096846188792151	3.3833296369218	3.558285344530395	6.017086624291401	5.38502771539621	5.70414135826704	5.234831183879741	5.87120481706439	5.6930618679118	5.33592690411985	5.445454104025201
ULB	5.012527695933365	4.90070256158302	5.03301691193181	6.015018156863805	3.904194318237505	6.1237180946287	3.3510543374884554	7.74528176872965	6.402113876694489	6.05057193238873	4.86415065803252	5.828893797169861	5.910663952201361	3.939175168824395	5.874480310950941	6.2277138038292	6.528218910747955	0	0		6.8688026799868105	8.63448348769479	6.28475078590311	13.7688785666049	6.79491038647501	6.363877542126185	7.415605315577096	6.357155086557231	5.48301695906608	5.824234659385516	5.69853325074852	6.33831523804898	5.54834503171651	5.5238074918024
GOM	5.20845589936175	5.8430799388356505	3.81338776806649	6.17835618922992	6.29358394397174	5.5456859008265145	4.078618589146145	8.727491108762976	7.26392322195613	7.1703818950725	7.585646608778065	5.850436814485249	6.410012251039831	3.9037724862915497	9.00638404065974	5.68967114502159	7.179164627582841	11.004833644109599	2.87930342529657	10.5349823609875		0	9.364388775079151	0	8.07667796377134	8.20311045755834	9.424063902985514	7.121200589475075	7.0444330097593495	6.96232931972278	7.675151068459605	6.641743040309084	5.573712568751461	5.718774988912259
MAD	5.491272035003629	7.332515826759475	4.32527790365155	7.6018354472209	7.610487723334	8.21775911862939	3.1282291064354197	8.122078237718124	7.51229208070582	12.0261915348825	6.126472370527691	7.888844025940515	9.392354703854124	8.67103546824339	9.70751006561599	8.676794531507419	7.10823885962594	10.247326570429	11.861767592130198	10.72650976573325	12.980694877600698		10.356049907897265	13.539874057008	9.515790191871659	7.981045618918619	10.12380838881537	7.6115339253759	7.27536630113424	8.2905892328186	7.709791579887379	7.434666234602205	5.73918846459057	5.493131391388251
RAD	5.44469420641232	5.45094309280954	4.750091780850585	4.52469897975008	5.68984033869212	5.565368877620555	4.61103207758872	8.134931668073964	6.49074945121196	7.88605571833301	6.84936905285728	7.168602510902625	6.90766276998745	3.48080319097205	8.20198041822516	6.90229368700326	7.33879040595276	0	9.38063845346602	9.619884371822929	10.542211892851	0		0	8.54910281732324	9.360062573665289	9.308651818384481	6.714237111901755	8.16801505778264	5.92354765033221	7.18403807958436	8.115121315242225	5.82382987846284	5.85837588545169
PAD	5.04304285629289	5.82268774890232	4.08801308583289	5.30804675297493	6.62651666639375	5.89112091311663	4.13712240460066	11.75757941290885	9.231784665307039	10.680195653761698	10.8211383515713	7.03780202477715	6.11142181085742	5.063675698903955	8.250553202121075	6.80005437130729	6.973787227522481	4.657425326896665	4.36823173915597	0	0	0	6.15592147379421		9.084076507342061	5.552323036942385	6.8213755837395205	5.922280444186516	7.822328973360441	6.15396548102171	6.854461460449599	6.68028940387146	5.684805826874389	5.75239224396153
LIN	5.299919318121309	5.302725286455585	4.488301533712884	3.914984065744215	3.196756351005165	5.246088532106019	4.41159548002716	10.07099933224187	6.505093565260376	9.72547886625514	6.041771050855934	6.98346474175624	5.7046544187747505	3.88151223841742	7.7588869708666195	6.0615314460576695	6.56181822428486	5.0416900246581395	2.78084702348387	2.96176959910394	4.79184644744198	6.14973831719349	4.85810273935825	11.625431582353599		8.125292097359639	12.2734186115223	5.25871781645608	9.00451246820633	7.9723614456456495	8.479744542969225	8.9037678019881	5.656638839965025	5.77781162012354
MAS	5.182259760858621	5.067521919002245	4.89932376319786	4.532096963608715	3.34691928631144	3.870447306574035	4.29795252679425	5.70660130704128	5.70815840916303	6.240466005373991	4.497525452132035	5.5867703799072945	5.91490858233184	3.28002608863514	5.609119861691625	6.91097244808069	6.32604675898805	4.125775311990784	2.9739831704937796	3.92019931274178	3.9585305925175405	5.76757787824522	6.48247895251994	5.041348974969705	8.18915111642665		6.10812541480888	4.5452582564495705	9.22297949691682	7.2140485567205195	7.037021095742015	8.83449879884128	5.81750519266816	5.86445550660116
RHO	5.31712868784295	5.365250453983775	3.93239082386253	4.87668859458993	4.57915843104103	4.512080046547391	3.3721155656961	7.434103073862115	6.85365180031969	7.177567536219586	6.5808571682944095	7.40705382456858	7.61422828435827	4.04081017504125	6.97228408182044	7.655193756195795	6.768901107049699	4.2577739190065795	3.8918531871041298	4.2563180796107805	10.296340397350605	10.6098602751996	8.47832849760672	10.1375189850907	12.514026704421276	13.097459747634		5.52816210916145	8.034763219203189	7.64319139569573	7.517239250313894	8.17032019766715	5.529595020359911	5.72082777360434
TA	5.0222621567685195	5.49903885636563	4.16176411246662	4.174295420723626	3.44519630875059	3.9936997594549304	3.1749656432945903	5.93095005902851	6.040409159899944	7.214081047397414	4.24245351951473	4.32929918545375	4.88685640148934	3.97814448683524	5.47591098257849	6.43942685067065	5.8418937015693455	3.8414647255189105	2.76631192837959	3.46222819465313	4.38874207165161	3.29198420125977	3.6609324097827596	4.63936889592006	9.141025042142651	7.62624292691608	15.0928446997551		7.8129275801692	7.29406428944441	7.62384249439649	0	5.368332838949745	5.40723348298064
GAS-L	5.37447542265153	5.793874979936669	4.32425849405824	4.633399811772826	3.6252170797720598	4.445903757656559	3.1605979829021797	5.972620461562741	5.938724750696549	6.4341640008443255	5.523133822438769	5.4895867786849495	4.96565945965248	3.80922096714913	5.558222136793836	6.60431963519508	6.241909453321295	5.10303529502098	2.9063167666370298	3.5515842013421	4.9535340473912655	3.87043675811103	8.36321216751907	8.68242472114655	0	8.80678866587934	0	0		7.915049106323741	8.885412725637632	8.164777070604151	5.421497506826019	5.64758744477123
GM	5.19461779889565	5.632723863607295	4.20089893202016	3.3433967624353302	3.4927063202355155	3.378036723327985	2.7676455683671097	5.75792088161176	3.05873144107698	5.730705816053799	3.3630898098357798	4.21887354413568	4.977447200168255	3.44005486903652	4.570761834270195	5.375878169760741	5.61244365573412	4.40538083053796	2.62283869750979	3.10244000839581	4.10349636388378	3.3666066994921797	4.23427118357227	3.64725133660165	3.6563751889536102	10.6304779172376	15.033377216898101	6.83643244580765	0		0	0	5.4922699345031	5.34286085018269
PM	5.32303453295815	5.90086420557294	4.735448349756395	4.3341947610571205	3.8841124605847	3.95966986386661	3.17596442010368	5.84512720276032	6.3280800722077	6.04862652318448	3.75004690569435	4.43283952653773	5.4445731632092205	3.946048282427375	6.0344328602580894	6.46719811893401	6.11032014674229	4.4736109123959	3.06885569401581	2.998265671604125	3.5860815732888196	3.51457315728158	5.41693380996957	6.72417625734472	4.0715897696173196	10.5091984314023	0	6.87653434648611	0	0		0	5.405883007320759	5.62943410876737
SOL	4.9779453095526	5.61239509198721	4.22404340988737	4.66121983372867	4.09245772071918	4.53405691637451	2.8089042623070495	6.07919436696425	5.73537577589725	6.84249012304579	5.78693318302408	5.5209862777356795	5.478309180381349	3.494427031491635	6.972979082191966	6.415372727997351	6.30344448842568	4.279463395561925	2.89313494602973	3.88876303417566	4.4051686317251395	6.88071585096524	5.1255453231879295	3.50397762555401	6.06663886655338	11.58093164874535	0	0	9.919648461869759	0	0		5.29562029194078	5.56225109330999
PIEC	6.806432703984795	6.641076903112344	6.411917597138835	5.517848315778645	5.469781842859396	5.25924981767778	4.31469357391893	5.911111700677219	5.68081816116008	5.97377123034563	5.859002210608275	4.841281824694519	5.932327813512641	5.75647275878593	5.801902691216505	5.696067259202335	6.612534173606781	5.14956506263933	5.47735779752294	4.553762434241065	5.31975307565876	4.395165282804795	5.699669036377305	5.882640309541269	6.260304295508799	5.848591432820024	6.084806463352259	6.10435443487753	6.0981455733231105	6.10634086602023	6.21659956258273	6.11269888652889		7.49327882335099
PK15	7.01944263582944	6.655552326966831	6.202751686245104	6.25354859964561	6.13486436369799	6.577742084470191	6.288284399457741	6.3493918676391505	6.52572843164118	6.2594144523229405	6.16203910997543	6.2621202123496	6.81744212025529	6.391866007645791	6.096521464557519	6.11544515581903	6.871279830085745	6.07282043840102	6.26521368204659	5.87068102646166	6.15576896051921	5.98468000102384	6.32685632828377	6.42338975543864	6.464272660019445	6.6960735785322	6.42233020082507	6.680155431567985	6.83711026686588	6.428077221416429	6.626902829124221	6.82735590351417	7.4417970355509695	
