gene_biotype	detected_number	all	undetected_number	detect_rate	cutoff	tissue
TUCP	1207.000	2443	1236.000	0.494	0.100	ASA
lncRNA	9835.000	19112	9277.000	0.515	0.100	ASA
protein_coding	15166.000	22452	7286.000	0.675	0.100	ASA
TUCP	1583.000	2443	860.000	0.648	0.100	Cerebellum
lncRNA	12489.000	19112	6623.000	0.653	0.100	Cerebellum
protein_coding	16493.000	22452	5959.000	0.735	0.100	Cerebellum
TUCP	1635.000	2443	808.000	0.669	0.100	Cerebrum
lncRNA	13000.000	19112	6112.000	0.680	0.100	Cerebrum
protein_coding	16808.000	22452	5644.000	0.749	0.100	Cerebrum
TUCP	1322.000	2443	1121.000	0.541	0.100	Colon
lncRNA	10707.000	19112	8405.000	0.560	0.100	Colon
protein_coding	16242.000	22452	6210.000	0.723	0.100	Colon
TUCP	1305.000	2443	1138.000	0.534	0.100	GAS-L
lncRNA	10638.000	19112	8474.000	0.557	0.100	GAS-L
protein_coding	15609.000	22452	6843.000	0.695	0.100	GAS-L
TUCP	913.000	2443	1530.000	0.374	0.100	GM
lncRNA	7659.000	19112	11453.000	0.401	0.100	GM
protein_coding	14465.000	22452	7987.000	0.644	0.100	GM
TUCP	1417.000	2443	1026.000	0.580	0.100	GOM
lncRNA	11343.000	19112	7769.000	0.594	0.100	GOM
protein_coding	15817.000	22452	6635.000	0.704	0.100	GOM
TUCP	1348.000	2443	1095.000	0.552	0.100	ILB
lncRNA	10998.000	19112	8114.000	0.575	0.100	ILB
protein_coding	15573.000	22452	6879.000	0.694	0.100	ILB
TUCP	1119.000	2443	1324.000	0.458	0.100	Kidney
lncRNA	9405.000	19112	9707.000	0.492	0.100	Kidney
protein_coding	15649.000	22452	6803.000	0.697	0.100	Kidney
TUCP	909.000	2443	1534.000	0.372	0.100	LIN
lncRNA	7418.000	19112	11694.000	0.388	0.100	LIN
protein_coding	14874.000	22452	7578.000	0.662	0.100	LIN
TUCP	915.000	2443	1528.000	0.375	0.100	Left_Atrium
lncRNA	7554.000	19112	11558.000	0.395	0.100	Left_Atrium
protein_coding	14468.000	22452	7984.000	0.644	0.100	Left_Atrium
TUCP	933.000	2443	1510.000	0.382	0.100	Left_Ventricle
lncRNA	8001.000	19112	11111.000	0.419	0.100	Left_Ventricle
protein_coding	14567.000	22452	7885.000	0.649	0.100	Left_Ventricle
TUCP	770.000	2443	1673.000	0.315	0.100	Liver
lncRNA	6701.000	19112	12411.000	0.351	0.100	Liver
protein_coding	14214.000	22452	8238.000	0.633	0.100	Liver
TUCP	1207.000	2443	1236.000	0.494	0.100	Lung
lncRNA	9555.000	19112	9557.000	0.500	0.100	Lung
protein_coding	16027.000	22452	6425.000	0.714	0.100	Lung
TUCP	1099.000	2443	1344.000	0.450	0.100	MAD
lncRNA	8792.000	19112	10320.000	0.460	0.100	MAD
protein_coding	15041.000	22452	7411.000	0.670	0.100	MAD
TUCP	1274.000	2443	1169.000	0.521	0.100	MAS
lncRNA	10255.000	19112	8857.000	0.537	0.100	MAS
protein_coding	15328.000	22452	7124.000	0.683	0.100	MAS
TUCP	1397.000	2443	1046.000	0.572	0.100	Ovary
lncRNA	11198.000	19112	7914.000	0.586	0.100	Ovary
protein_coding	16720.000	22452	5732.000	0.745	0.100	Ovary
TUCP	1200.000	2443	1243.000	0.491	0.100	PAD
lncRNA	9721.000	19112	9391.000	0.509	0.100	PAD
protein_coding	15423.000	22452	7029.000	0.687	0.100	PAD
TUCP	874.000	2443	1569.000	0.358	0.100	PIEC
lncRNA	6730.000	19112	12382.000	0.352	0.100	PIEC
protein_coding	12882.000	22452	9570.000	0.574	0.100	PIEC
TUCP	1134.000	2443	1309.000	0.464	0.100	PK15
lncRNA	8476.000	19112	10636.000	0.443	0.100	PK15
protein_coding	13873.000	22452	8579.000	0.618	0.100	PK15
TUCP	1314.000	2443	1129.000	0.538	0.100	PM
lncRNA	10393.000	19112	8719.000	0.544	0.100	PM
protein_coding	15245.000	22452	7207.000	0.679	0.100	PM
TUCP	1211.000	2443	1232.000	0.496	0.100	RAD
lncRNA	9790.000	19112	9322.000	0.512	0.100	RAD
protein_coding	15381.000	22452	7071.000	0.685	0.100	RAD
TUCP	856.000	2443	1587.000	0.350	0.100	RHO
lncRNA	7122.000	19112	11990.000	0.373	0.100	RHO
protein_coding	14324.000	22452	8128.000	0.638	0.100	RHO
TUCP	503.000	2443	1940.000	0.206	0.100	Retina
lncRNA	3975.000	19112	15137.000	0.208	0.100	Retina
protein_coding	13828.000	22452	8624.000	0.616	0.100	Retina
TUCP	1149.000	2443	1294.000	0.470	0.100	Right_Atrium
lncRNA	9449.000	19112	9663.000	0.494	0.100	Right_Atrium
protein_coding	15448.000	22452	7004.000	0.688	0.100	Right_Atrium
TUCP	947.000	2443	1496.000	0.388	0.100	Right_Ventricle
lncRNA	8031.000	19112	11081.000	0.420	0.100	Right_Ventricle
protein_coding	14582.000	22452	7870.000	0.649	0.100	Right_Ventricle
TUCP	1050.000	2443	1393.000	0.430	0.100	SOL
lncRNA	8665.000	19112	10447.000	0.453	0.100	SOL
protein_coding	14985.000	22452	7467.000	0.667	0.100	SOL
TUCP	1051.000	2443	1392.000	0.430	0.100	Small_Intestine
lncRNA	8868.000	19112	10244.000	0.464	0.100	Small_Intestine
protein_coding	15798.000	22452	6654.000	0.704	0.100	Small_Intestine
TUCP	1226.000	2443	1217.000	0.502	0.100	Spleen
lncRNA	10396.000	19112	8716.000	0.544	0.100	Spleen
protein_coding	15557.000	22452	6895.000	0.693	0.100	Spleen
TUCP	643.000	2443	1800.000	0.263	0.100	Stomach
lncRNA	5296.000	19112	13816.000	0.277	0.100	Stomach
protein_coding	14382.000	22452	8070.000	0.641	0.100	Stomach
TUCP	1186.000	2443	1257.000	0.485	0.100	TA
lncRNA	9603.000	19112	9509.000	0.502	0.100	TA
protein_coding	15177.000	22452	7275.000	0.676	0.100	TA
TUCP	2114.000	2443	329.000	0.865	0.100	Testis
lncRNA	16128.000	19112	2984.000	0.844	0.100	Testis
protein_coding	18351.000	22452	4101.000	0.817	0.100	Testis
TUCP	1320.000	2443	1123.000	0.540	0.100	ULB
lncRNA	10750.000	19112	8362.000	0.562	0.100	ULB
protein_coding	15521.000	22452	6931.000	0.691	0.100	ULB
TUCP	1237.000	2443	1206.000	0.506	0.100	Uterus
lncRNA	9729.000	19112	9383.000	0.509	0.100	Uterus
protein_coding	15921.000	22452	6531.000	0.709	0.100	Uterus
miRNA	668.000	3448	2780.000	0.194	0.000	ASA
miRNA	860.000	3448	2588.000	0.249	0.000	Cerebellum
miRNA	803.000	3448	2645.000	0.233	0.000	Cerebrum
miRNA	727.000	3448	2721.000	0.211	0.000	Colon
miRNA	853.000	3448	2595.000	0.247	0.000	GAS-L
miRNA	842.000	3448	2606.000	0.244	0.000	GM
miRNA	803.000	3448	2645.000	0.233	0.000	GOM
miRNA	823.000	3448	2625.000	0.239	0.000	ILB
miRNA	798.000	3448	2650.000	0.231	0.000	Kidney
miRNA	727.000	3448	2721.000	0.211	0.000	LIN
miRNA	762.000	3448	2686.000	0.221	0.000	Left_Atrium
miRNA	819.000	3448	2629.000	0.238	0.000	Left_Ventricle
miRNA	668.000	3448	2780.000	0.194	0.000	Liver
miRNA	797.000	3448	2651.000	0.231	0.000	Lung
miRNA	588.000	3448	2860.000	0.171	0.000	MAD
miRNA	662.000	3448	2786.000	0.192	0.000	MAS
miRNA	837.000	3448	2611.000	0.243	0.000	Ovary
miRNA	718.000	3448	2730.000	0.208	0.000	PAD
miRNA	1018.000	3448	2430.000	0.295	0.000	PIEC
miRNA	681.000	3448	2767.000	0.198	0.000	PK15
miRNA	775.000	3448	2673.000	0.225	0.000	PM
miRNA	792.000	3448	2656.000	0.230	0.000	RAD
miRNA	748.000	3448	2700.000	0.217	0.000	RHO
miRNA	610.000	3448	2838.000	0.177	0.000	Retina
miRNA	798.000	3448	2650.000	0.231	0.000	Right_Atrium
miRNA	820.000	3448	2628.000	0.238	0.000	Right_Ventricle
miRNA	803.000	3448	2645.000	0.233	0.000	SOL
miRNA	711.000	3448	2737.000	0.206	0.000	Small_Intestine
miRNA	844.000	3448	2604.000	0.245	0.000	Spleen
miRNA	598.000	3448	2850.000	0.173	0.000	Stomach
miRNA	992.000	3448	2456.000	0.288	0.000	TA
miRNA	960.000	3448	2488.000	0.278	0.000	Testis
miRNA	755.000	3448	2693.000	0.219	0.000	ULB
miRNA	797.000	3448	2651.000	0.231	0.000	Uterus
circRNA	3177.000	79359	76182.000	0.040	0.050	ASA
circRNA	17500.000	79359	61859.000	0.221	0.050	Cerebellum
circRNA	9535.000	79359	69824.000	0.120	0.050	Cerebrum
circRNA	6079.000	79359	73280.000	0.077	0.050	Colon
circRNA	5947.000	79359	73412.000	0.075	0.050	GAS-L
circRNA	6608.000	79359	72751.000	0.083	0.050	GM
circRNA	6440.000	79359	72919.000	0.081	0.050	GOM
circRNA	5766.000	79359	73593.000	0.073	0.050	ILB
circRNA	8137.000	79359	71222.000	0.103	0.050	Kidney
circRNA	5155.000	79359	74204.000	0.065	0.050	LIN
circRNA	8254.000	79359	71105.000	0.104	0.050	Left_Atrium
circRNA	7853.000	79359	71506.000	0.099	0.050	Left_Ventricle
circRNA	8182.000	79359	71177.000	0.103	0.050	Liver
circRNA	8054.000	79359	71305.000	0.101	0.050	Lung
circRNA	5486.000	79359	73873.000	0.069	0.050	MAD
circRNA	4502.000	79359	74857.000	0.057	0.050	MAS
circRNA	7418.000	79359	71941.000	0.093	0.050	Ovary
circRNA	5962.000	79359	73397.000	0.075	0.050	PAD
circRNA	1061.000	79359	78298.000	0.013	0.050	PIEC
circRNA	1200.000	79359	78159.000	0.015	0.050	PK15
circRNA	6143.000	79359	73216.000	0.077	0.050	PM
circRNA	4765.000	79359	74594.000	0.060	0.050	RAD
circRNA	5536.000	79359	73823.000	0.070	0.050	RHO
circRNA	24142.000	79359	55217.000	0.304	0.050	Retina
circRNA	8841.000	79359	70518.000	0.111	0.050	Right_Atrium
circRNA	8396.000	79359	70963.000	0.106	0.050	Right_Ventricle
circRNA	5733.000	79359	73626.000	0.072	0.050	SOL
circRNA	7687.000	79359	71672.000	0.097	0.050	Small_Intestine
circRNA	7883.000	79359	71476.000	0.099	0.050	Spleen
circRNA	3649.000	79359	75710.000	0.046	0.050	Stomach
circRNA	6442.000	79359	72917.000	0.081	0.050	TA
circRNA	10450.000	79359	68909.000	0.132	0.050	Testis
circRNA	5043.000	79359	74316.000	0.064	0.050	ULB
circRNA	8680.000	79359	70679.000	0.109	0.050	Uterus
