	LIN_head	MAS_head	BB_forelimb	DAP_forelimb	DSP_forelimb	EDC_forelimb	EDL-F_forelimb	FDP-F_forelimb	FDS-F_forelimb	ISP_forelimb	SSP_forelimb	SUB_forelimb	TB-LA_forelimb	TB-LO_forelimb	TB-M_forelimb	TM_forelimb	BRA_trunk	LD_trunk	LDM_trunk	OEA_trunk	PP_trunk	PS_trunk	RA_trunk	RHO_trunk	SP_trunk	TA_trunk	TRC_trunk	ADD_hindlimb	BF_hindlimb	EDL-H_hindlimb	FDP-H_hindlimb	FDS-H_hindlimb	GAS-L_hindlimb	GAS-M_hindlimb	GM_hindlimb	GRA_hindlimb	PM_hindlimb	RF_hindlimb	SAR_hindlimb	SM_hindlimb	SOL_hindlimb	ST_hindlimb	TFL_hindlimb	TIC_hindlimb	VI_hindlimb	VL_hindlimb	VM_hindlimb	Left_Atrium	Left_Ventricle	Right_Atrium	Right_Ventricle
LIN_head	0	3.35686617126207	4.643913957576482	2.71650418243208	2.86127010921302	4.039923663396535	2.64444239716369	3.79229970377134	3.0712767198932798	2.90757409920832	4.038656065650665	3.327553377193225	3.5676225652796902	2.25643591693058	2.13740437386132	4.040702582802205	2.5616497020634648	3.4253124717716803	3.5802581260450603	3.76314209100714	4.64829860442905	2.75335715263974	3.3622966141409902	3.73760849702156	2.853372973530255	3.2356106730504846	2.70726950029168	3.08934076951608	2.885137467618625	2.75992115151653	4.853848248445866	5.063862446608916	2.48086494712316	5.877840892199429	3.10775338692509	2.539527457078975	3.2516472266361003	3.73611691338395	3.1502879188671	3.21306294372213	2.6048574133800497	3.01948171975365	3.81970314013454	2.69337078725043	3.9584345597404	3.9803891771043656	3.12739446328615	5.956153569836386	5.80235279099959	5.9488687644572105	5.9724862962224
MAS_head	7.5348400156595385	0	6.7855198579338	0.0	3.0845323224228154	0.0	2.97636478127236	0.0	0.0	0.0	0.0	6.50311387125849	5.125123424070225	0.0	0.0	2.74561197596308	2.8876847174004903	5.15219900895118	3.345793392578885	5.045055019371344	0.0	3.67153651588905	5.264156731081715	3.29446741822938	2.78284873366957	6.89401840303179	7.17600550833017	2.8120189993132745	4.680387108483475	3.66597952480849	0.0	0.0	6.74686119560867	0.0	3.788061483004885	2.96751411648226	5.434107326983055	3.90385938833709	3.1277559746421804	4.12662717448117	0.0	6.968827445194295	4.19567083073083	3.31791305052415	0.0	3.8018571426992405	0.0	6.06889615643707	5.949231514661349	5.97351905234504	6.07999215538108
BB_forelimb	6.5991520406070805	2.40751325044413	0	0.0	0.0	0.0	0.0	0.0	0.0	0.0	0.0	0.0	0.0	0.0	0.0	0.0	0.0	0.0	6.71809864022681	0.0	0.0	7.933467638644309	3.4946111834238	0.0	0.0	0.0	0.0	0.0	0.0	0.0	0.0	0.0	0.0	0.0	0.0	0.0	0.0	0.0	0.0	0.0	0.0	0.0	0.0	0.0	0.0	0.0	0.0	5.97454721276286	5.914705301244553	5.99582572742295	6.0780950084423315
DAP_forelimb	5.28559661052835	2.726894482801029	7.121832979342692	0	0.0	0.0	0.0	0.0	0.0	0.0	2.36489809829278	0.0	2.1898443395994	0.0	0.0	0.0	0.0	2.074323533839545	2.1669109746779553	0.0	0.0	3.361174066478865	3.52069583174115	8.51233338539891	0.0	6.6278319036078	0.0	6.32817420695642	0.0	0.0	0.0	0.0	0.0	0.0	3.66176553776312	6.571318429877044	0.0	0.0	6.781133509495139	4.12614962085639	2.02041479918019	6.91577029096819	0.0	0.0	0.0	0.0	0.0	5.4730995530507895	5.28951109281196	5.3436712227944	5.399117173317776
DSP_forelimb	5.728864551428361	3.66231039390887	0.0	0.0	0	0.0	0.0	0.0	0.0	0.0	0.0	0.0	0.0	0.0	0.0	0.0	0.0	3.9651068882357903	2.1402724396920147	3.62102423152404	0.0	3.64670231214994	3.97695647095459	4.7948870662778695	0.0	0.0	0.0	0.0	0.0	0.0	0.0	0.0	0.0	0.0	0.0	0.0	0.0	0.0	4.16547014867734	3.69357466274234	6.3397339090314615	0.0	0.0	0.0	0.0	0.0	0.0	5.29074243092992	5.27474504537393	5.337128728699139	5.45124780091118
EDC_forelimb	5.931737507789888	6.279871214353499	0.0	0.0	0.0	0	0.0	0.0	0.0	0.0	0.0	0.0	0.0	0.0	0.0	0.0	0.0	2.33950345090012	2.1518928409953304	0.0	0.0	2.74277743734148	4.40985209611999	6.1967449596909345	0.0	0.0	0.0	0.0	2.10660311764464	0.0	0.0	0.0	2.428046946011245	0.0	2.7750477421988347	4.164297931015899	2.5933347134035	0.0	0.0	3.3191091826641297	6.20684916982404	4.16912406776017	0.0	0.0	0.0	0.0	0.0	5.584471772464958	5.3101742040715045	5.363819858640536	5.50521283064876
EDL-F_forelimb	6.3691342941585	3.72178348504898	0.0	0.0	0.0	0.0	0	0.0	0.0	0.0	0.0	0.0	0.0	0.0	0.0	0.0	0.0	2.1952893518156897	2.28701039823198	0.0	0.0	2.3854509875299748	5.450419523872986	5.71981246984931	0.0	0.0	0.0	0.0	1.96815925195382	0.0	0.0	0.0	2.384592966163665	0.0	2.62095173035311	4.11608146262512	2.4858725214393447	0.0	0.0	4.47238110746613	0.0	0.0	0.0	0.0	0.0	0.0	0.0	5.26572893248536	5.4174689880689515	5.501530715982773	5.51377997627931
FDP-F_forelimb	5.98991129006015	4.25895459594118	0.0	0.0	0.0	0.0	0.0	0	0.0	0.0	0.0	0.0	2.8541785800873	0.0	0.0	0.0	0.0	2.6913834081828503	2.580366708718594	0.0	0.0	3.1959626815656605	4.80984523192931	3.2784105585850205	0.0	0.0	0.0	0.0	2.27555933856004	0.0	0.0	0.0	2.83236060954518	0.0	2.927533912044245	0.0	2.9456178987914505	0.0	0.0	2.4580964370355147	6.82001799349725	2.56130126555308	0.0	0.0	0.0	0.0	0.0	5.40699976794647	5.49918568454893	5.45678115184473	5.574456151249665
FDS-F_forelimb	6.668175732331568	3.6735914526138	0.0	0.0	0.0	0.0	0.0	0.0	0	0.0	0.0	0.0	0.0	0.0	0.0	0.0	0.0	0.0	3.0909696934069246	0.0	0.0	5.26821687387258	0.0	0.0	0.0	0.0	0.0	1.73562127859291	0.0	0.0	0.0	0.0	2.4638009070139	0.0	2.47529741768286	0.0	2.61877852867133	0.0	0.0	0.0	0.0	0.0	0.0	0.0	0.0	0.0	0.0	5.95803949529062	5.7699422856576	5.96436451172338	5.983040322690475
ISP_forelimb	4.825560197394076	2.99895529043237	0.0	0.0	0.0	0.0	0.0	0.0	0.0	0	0.0	0.0	0.0	0.0	0.0	0.0	0.0	0.0	2.211646152063535	0.0	0.0	3.7590268684561954	3.79720520682317	5.14562085191137	0.0	0.0	0.0	0.0	0.0	0.0	0.0	0.0	0.0	0.0	0.0	0.0	0.0	0.0	0.0	4.011598441655565	0.0	0.0	0.0	0.0	0.0	0.0	0.0	5.45251013569152	5.29900042731385	5.26774738371929	5.47984383033255
SSP_forelimb	4.055935637122436	2.36661036378555	0.0	0.0	0.0	0.0	0.0	0.0	0.0	0.0	0	0.0	0.0	0.0	0.0	0.0	0.0	4.115101819398145	3.27928436468866	6.5591980987179435	0.0	2.7513976757202	4.4632901620697805	5.31179084454028	0.0	0.0	0.0	0.0	0.0	0.0	0.0	0.0	0.0	0.0	2.4640721633324554	3.0394116068194004	6.59734191500956	0.0	0.0	3.02885930879534	4.393330411194516	3.71537780648462	5.152245759989361	0.0	0.0	2.65349209767536	0.0	5.2692756787097315	5.46271924347837	5.46215035399016	5.6488120158714406
SUB_forelimb	6.072323754825205	2.25693270688723	0.0	0.0	0.0	0.0	0.0	0.0	0.0	0.0	0.0	0	0.0	0.0	0.0	0.0	2.24598970441035	2.7790820368460603	5.50557787314396	2.2972933153172	0.0	2.8301844406225096	5.8353406377498365	3.86498677220136	0.0	2.44178456114837	2.45029689951674	0.0	0.0	0.0	0.0	0.0	0.0	0.0	0.0	2.08579248239456	0.0	0.0	0.0	0.0	1.8622559252756297	0.0	0.0	0.0	0.0	0.0	0.0	5.568668882547652	5.25501394881641	5.35841825621862	5.46478697665938
TB-LA_forelimb	6.4023682750873485	3.33668967424635	0.0	0.0	0.0	0.0	0.0	0.0	0.0	0.0	0.0	0.0	0	0.0	0.0	0.0	0.0	0.0	0.0	0.0	0.0	0.0	7.21979564681651	0.0	0.0	4.40234627032864	0.0	0.0	0.0	0.0	0.0	0.0	0.0	4.29135065428507	0.0	0.0	0.0	0.0	7.08732909164843	0.0	0.0	0.0	0.0	0.0	0.0	0.0	0.0	5.80600992194068	5.710266432053361	5.88138971095384	5.90672457610031
TB-LO_forelimb	5.45402964639714	2.52240457870487	0.0	0.0	0.0	0.0	0.0	0.0	0.0	0.0	0.0	0.0	0.0	0	0.0	0.0	0.0	0.0	2.45904852902395	0.0	0.0	3.4969096237092203	3.90367036369037	3.7175528641399502	0.0	0.0	0.0	0.0	0.0	0.0	0.0	0.0	0.0	0.0	0.0	0.0	0.0	0.0	0.0	0.0	0.0	0.0	0.0	0.0	0.0	0.0	0.0	5.31240149668051	5.248649941337098	5.393002324816622	5.5276501912276
TB-M_forelimb	5.89297430893005	0.0	7.2048603441944	0.0	0.0	0.0	0.0	0.0	0.0	0.0	0.0	0.0	0.0	0.0	0	0.0	0.0	4.92307611434803	3.89286246890815	0.0	0.0	4.6073284191919806	6.41710806113592	8.636407796091241	0.0	6.7018989972852685	0.0	0.0	0.0	0.0	0.0	0.0	0.0	6.63245521720597	6.80695022551741	6.89527013933683	0.0	0.0	0.0	7.38459338425434	0.0	6.98689117436489	6.5153140628080894	0.0	0.0	0.0	0.0	5.43723950435972	5.25213468968916	5.347707715032421	5.42453304384557
TM_forelimb	6.213002220075589	3.0700351751631003	0.0	0.0	0.0	0.0	0.0	0.0	0.0	0.0	0.0	0.0	0.0	0.0	0.0	0	0.0	0.0	4.65866017719983	0.0	0.0	3.4295376445721297	7.186069590862224	3.8340751483045	0.0	0.0	0.0	0.0	0.0	0.0	0.0	0.0	0.0	0.0	2.00972838190158	0.0	0.0	0.0	0.0	0.0	6.399687762511151	0.0	0.0	6.44561596671587	0.0	0.0	0.0	5.652873214998588	5.29361510953309	5.388311788887265	5.583909496305702
BRA_trunk	5.8023208660296	3.683349123837	0.0	0.0	0.0	0.0	0.0	0.0	6.46581398890946	0.0	0.0	0.0	0.0	0.0	0.0	0.0	0	0.0	1.7338404697525451	0.0	0.0	3.619391049557581	5.368380250910915	0.0	0.0	0.0	0.0	0.0	0.0	0.0	0.0	0.0	0.0	0.0	0.0	0.0	0.0	0.0	0.0	0.0	0.0	0.0	0.0	2.5701757034314903	0.0	0.0	0.0	5.55797329928758	5.31930305764946	5.4026489684629	5.510302951401791
LD_trunk	6.4097355154360285	4.20606540933001	0.0	0.0	2.2410802843027904	0.0	2.3447873757394	0.0	0.0	0.0	0.0	0.0	0.0	0.0	0.0	0.0	0.0	0	0.0	0.0	0.0	0.0	0.0	0.0	0.0	0.0	0.0	0.0	0.0	0.0	0.0	0.0	0.0	0.0	0.0	0.0	0.0	0.0	2.39696575234254	0.0	0.0	0.0	5.937802633525647	0.0	0.0	0.0	0.0	6.02975297668685	5.69939550760795	6.014187663926741	5.8116073313288785
LDM_trunk	3.8959012601813847	3.4716430713800253	0.0	0.0	2.99265264944304	0.0	3.055905477407	0.0	7.0530735099401705	0.0	3.1732911751519306	2.36769573898222	0.0	1.7287704555443	0.0	0.0	0.0	6.9882290472580095	0	4.96171751111767	0.0	0.0	6.552513224257869	0.0	0.0	4.65848356312306	0.0	0.0	2.53427737337091	0.0	0.0	0.0	0.0	2.6158510355213	0.0	0.0	0.0	0.0	3.7493560039683	0.0	3.18175800751494	0.0	0.0	0.0	6.138005512224599	0.0	0.0	5.82516152976077	5.772048486764179	5.936127169025509	5.8952978375751055
OEA_trunk	4.2999371659428505	3.5589159020010652	0.0	0.0	0.0	0.0	0.0	0.0	0.0	0.0	0.0	2.65663227206381	0.0	0.0	0.0	0.0	0.0	0.0	0.0	0	0.0	3.7543279516759154	4.62633687097758	0.0	0.0	0.0	0.0	0.0	0.0	0.0	0.0	0.0	0.0	0.0	2.76198590111544	2.17957183380744	0.0	0.0	3.00367548989793	0.0	3.43101897843057	0.0	4.82184410791415	0.0	0.0	0.0	2.6604481894644048	5.79673629867033	4.71557946948333	5.600664911948566	5.60876949057646
PP_trunk	6.412483344671985	5.2254011008935715	0.0	0.0	0.0	0.0	0.0	0.0	0.0	0.0	0.0	0.0	0.0	0.0	0.0	0.0	0.0	0.0	0.0	0.0	0	0.0	0.0	0.0	0.0	0.0	0.0	0.0	0.0	0.0	0.0	0.0	0.0	0.0	0.0	0.0	0.0	0.0	0.0	0.0	6.45929448003383	0.0	0.0	0.0	0.0	0.0	0.0	5.7350408680863705	5.55946567767454	5.685707915709782	5.6903761486847495
PS_trunk	6.1575376199894105	6.74975784131548	0.0	0.0	3.03526560511576	0.0	3.1562260397295296	0.0	0.0	0.0	0.0	0.0	0.0	0.0	0.0	0.0	0.0	0.0	0.0	0.0	0.0	0	2.52394981863962	0.0	0.0	3.87098607898249	0.0	0.0	2.05333751052037	0.0	0.0	2.0482257596319897	0.0	3.061777337698235	0.0	0.0	0.0	0.0	0.0	0.0	0.0	0.0	7.4010729205699	1.99981863813127	2.50828306911332	0.0	3.90073734628944	5.83882950755725	5.85101675262842	5.983897664947445	5.928716062352481
RA_trunk	4.39997074840756	4.815339975168116	6.80411440347502	0.0	2.71665241325242	2.81974217762638	2.82175088907332	3.20089965103455	0.0	0.0	6.667509893941308	2.69638718874565	0.0	0.0	0.0	2.61304178445374	0.0	0.0	1.6961043025252602	0.0	0.0	3.1050310864095803	0	3.3241623759523	2.46405331063548	0.0	0.0	1.86888155301397	0.0	2.4875157839289304	0.0	0.0	0.0	0.0	3.9253041746774704	1.63851422265418	6.69056989905635	0.0	2.35285029517686	0.0	7.1770894717664815	0.0	2.63277122479082	2.47304224771239	0.0	1.9868895385718548	0.0	5.7476399416763915	5.4477262779377895	5.453332964446268	4.676428905407231
RHO_trunk	6.316279905179349	2.907384949438545	0.0	0.0	2.02079867390088	0.0	0.0	0.0	0.0	0.0	0.0	0.0	0.0	0.0	0.0	0.0	0.0	0.0	0.0	0.0	0.0	0.0	4.048189781285069	0	0.0	0.0	0.0	0.0	0.0	0.0	0.0	0.0	0.0	0.0	0.0	0.0	0.0	0.0	2.14725535926702	0.0	0.0	0.0	0.0	0.0	0.0	0.0	0.0	5.591857531131001	5.72705794907686	5.91438683238997	5.878695708783258
SP_trunk	4.6979834711342265	2.83116643887604	0.0	0.0	0.0	0.0	0.0	0.0	3.197760286479925	0.0	0.0	0.0	0.0	0.0	0.0	0.0	0.0	6.772087840633099	3.30973004052944	0.0	0.0	0.0	7.190258960914174	4.567068942009071	0	0.0	0.0	0.0	0.0	0.0	0.0	0.0	0.0	0.0	0.0	0.0	0.0	0.0	0.0	0.0	3.43005139472143	0.0	0.0	6.26354262333738	0.0	0.0	0.0	5.365046667192014	5.257415770539055	5.29563448878213	5.440331495179455
TA_trunk	5.323556299187099	6.120120811579	0.0	0.0	0.0	0.0	0.0	0.0	3.57562730895382	0.0	0.0	0.0	0.0	0.0	0.0	0.0	0.0	0.0	4.642020892489341	0.0	0.0	4.2454180151085685	0.0	2.7195965045032	0.0	0	0.0	0.0	0.0	0.0	0.0	0.0	0.0	0.0	0.0	2.4147819153664	0.0	0.0	2.48926979989139	0.0	4.519126419385099	0.0	3.5527836612311647	0.0	0.0	0.0	0.0	5.54168104315603	5.451790135848304	5.4868797359417005	5.496508465416454
TRC_trunk	6.5551214336546515	0.0	0.0	0.0	0.0	0.0	0.0	0.0	0.0	0.0	0.0	0.0	0.0	0.0	0.0	0.0	0.0	0.0	0.0	0.0	0.0	0.0	4.01823801906358	0.0	0.0	0.0	0	0.0	0.0	0.0	0.0	0.0	0.0	0.0	0.0	0.0	0.0	0.0	0.0	0.0	0.0	0.0	0.0	0.0	0.0	0.0	0.0	5.992187924446911	6.006830822929901	6.0135892744684005	6.08781548268496
ADD_hindlimb	4.1046007127068505	2.45321035921934	0.0	0.0	0.0	0.0	0.0	0.0	1.57688063942606	0.0	0.0	0.0	0.0	0.0	0.0	0.0	0.0	2.15804974924306	2.5846898561379503	0.0	0.0	2.4168048580310297	6.28376421612317	0.0	0.0	0.0	0.0	0	0.0	0.0	0.0	0.0	0.0	0.0	0.0	0.0	0.0	0.0	4.45834446940126	0.0	2.39353858907894	0.0	0.0	0.0	0.0	0.0	0.0	5.334146095241571	5.27873567499224	5.378384552707419	5.413264504750785
BF_hindlimb	3.46002552670998	2.24020959773366	0.0	0.0	0.0	0.0	0.0	0.0	0.0	0.0	0.0	0.0	0.0	0.0	0.0	0.0	0.0	1.93441552982203	3.51990650219041	0.0	0.0	2.6371953131162598	3.52491363380558	3.18111286984607	0.0	0.0	0.0	0.0	0	0.0	0.0	0.0	0.0	0.0	0.0	0.0	0.0	0.0	6.95354749258649	0.0	0.0	0.0	0.0	0.0	0.0	0.0	0.0	5.71660511891425	5.46821240461428	5.450990096838652	5.5504690583625855
EDL-H_hindlimb	5.43926511856877	2.41015859126089	0.0	0.0	0.0	0.0	0.0	2.99156004806564	0.0	3.6001892745645203	2.64844590822513	3.20113035357879	0.0	0.0	2.7917882288136697	2.677486548672	2.63682042271286	1.59300784510075	4.09954778154955	3.12328962476916	3.2432317877597403	1.92748377343481	3.71454566852332	4.870998017808555	3.3379633023177098	3.42322893170354	2.5364922141162545	0.0	2.8545525790711404	0	0.0	0.0	0.0	2.7651613275501696	0.0	0.0	0.0	0.0	4.87550059542571	0.0	4.255150439086375	0.0	0.0	0.0	2.87610757371218	2.62470321563995	3.4318887766103003	5.070463901263111	5.2091429274783065	5.326146708106361	5.34920710538033
FDP-H_hindlimb	7.1844040576858905	0.0	0.0	0.0	0.0	0.0	0.0	0.0	0.0	0.0	0.0	0.0	0.0	0.0	0.0	0.0	0.0	8.40027562688505	7.683072420172841	0.0	0.0	0.0	0.0	0.0	0.0	0.0	0.0	0.0	0.0	0.0	0	0.0	0.0	0.0	0.0	0.0	0.0	0.0	0.0	0.0	0.0	0.0	0.0	0.0	0.0	0.0	0.0	6.56067055742669	6.545036277031191	6.6527846127081	6.767865761233296
FDS-H_hindlimb	6.371176579282559	3.41379477612427	7.179727738227379	0.0	0.0	0.0	0.0	0.0	0.0	0.0	0.0	0.0	0.0	0.0	0.0	0.0	0.0	2.42483105130891	2.1256478393814597	0.0	0.0	2.5628061604541097	5.5853659529118636	2.224105320083475	0.0	6.6919315261848	4.19526594887191	6.382650661702111	0.0	0.0	0.0	0	2.06576276245083	0.0	2.34368489351644	6.86309550876544	2.05546465001404	0.0	0.0	2.3915788256161	6.237968030784639	6.96799489443813	6.531719532685961	0.0	0.0	0.0	0.0	5.649525450792936	5.2871707819923435	5.4458451491503395	5.53684569217778
GAS-L_hindlimb	3.95994575077442	5.299071788374441	0.0	0.0	0.0	0.0	0.0	0.0	0.0	0.0	0.0	0.0	0.0	0.0	0.0	0.0	0.0	0.0	3.36228996803184	0.0	0.0	3.2697372443069304	2.8392117256747347	0.0	0.0	0.0	0.0	0.0	0.0	0.0	0.0	0.0	0	0.0	0.0	0.0	0.0	0.0	3.6378856832081903	0.0	0.0	0.0	0.0	0.0	0.0	0.0	0.0	5.38496918260916	5.3212637599179	5.539336929149713	5.1944443888992495
GAS-M_hindlimb	6.392185216316606	4.4896169704582665	7.257181904420331	0.0	0.0	0.0	0.0	0.0	1.93801487743252	0.0	0.0	0.0	2.13303438370128	0.0	0.0	2.2648141264781203	0.0	2.58160907794261	2.68533424940552	0.0	0.0	3.03998893117054	0.0	5.909464222304921	0.0	6.73340993456087	0.0	2.1432289523412047	2.08847126094161	1.80752282880139	0.0	0.0	2.4506496479835898	0	2.5687923690543903	2.69265586342619	2.75508711669846	0.0	2.38855128253628	2.75249372974602	2.7704404880525697	7.012588846817452	2.8880315405840897	0.0	0.0	2.713197501067505	0.0	5.6584620711876905	5.528316272760379	5.64593560215178	5.6010618058041
GM_hindlimb	4.055295216526234	3.6988309817454894	0.0	0.0	0.0	2.2397572532607	2.18041441896358	2.578953884654549	0.0	0.0	6.41192723761235	0.0	0.0	0.0	0.0	0.0	0.0	0.0	0.0	0.0	0.0	0.0	3.3124168993072303	0.0	0.0	6.5564601514253065	0.0	0.0	2.22179607578868	0.0	0.0	0.0	0.0	6.246315485891191	0	0.0	0.0	0.0	3.6231745493032252	0.0	0.0	0.0	3.79822670075748	0.0	4.264456728116	0.0	2.10795431803043	5.4588435492782486	5.35141891730857	5.42239852840228	4.7782770690750045
GRA_hindlimb	3.660426879725895	2.62271402821395	0.0	0.0	0.0	0.0	0.0	0.0	0.0	0.0	2.51962323594417	0.0	0.0	0.0	0.0	0.0	0.0	0.0	0.0	3.59256398379161	0.0	2.12815557354952	3.68353559525336	0.0	0.0	4.6875000576437404	2.1758864992421003	0.0	1.9782901960466104	0.0	0.0	0.0	0.0	2.95679066589834	0.0	0	6.66729752843964	0.0	0.0	0.0	2.6457876020235	0.0	0.0	0.0	3.18896354380788	0.0	0.0	5.330343605786322	5.35358929646434	5.3996516184834515	5.43845024859981
PM_hindlimb	6.613593082163121	6.7010786255494	0.0	0.0	0.0	0.0	0.0	0.0	7.3939332151279284	0.0	0.0	0.0	0.0	0.0	0.0	0.0	0.0	0.0	3.37099320699615	0.0	0.0	0.0	4.09958112562997	2.59915170544003	0.0	4.81914990985248	0.0	4.791233359925091	0.0	0.0	0.0	0.0	0.0	2.9396791868494803	2.94719621090218	0.0	0	0.0	0.0	0.0	0.0	0.0	7.364156599845481	0.0	0.0	0.0	0.0	5.67307909990982	5.474760805661094	5.532242782325901	5.589155844854621
RF_hindlimb	6.2467997832817295	0.0	0.0	0.0	0.0	0.0	0.0	0.0	0.0	0.0	0.0	0.0	0.0	0.0	0.0	0.0	0.0	0.0	0.0	0.0	0.0	2.7082391374983104	4.95067059510372	0.0	0.0	0.0	0.0	0.0	0.0	0.0	0.0	0.0	0.0	0.0	0.0	0.0	0.0	0	0.0	0.0	0.0	0.0	0.0	0.0	0.0	0.0	0.0	5.61689215394952	5.398639336568428	5.468665090615317	5.591574138443715
SAR_hindlimb	4.7037440537121205	3.297696551824365	0.0	0.0	0.0	0.0	0.0	0.0	0.0	0.0	2.50927991492954	0.0	0.0	0.0	0.0	0.0	0.0	1.6624213902162	1.9048146691375905	3.2972822864033	0.0	1.97153343590862	3.22529548275928	2.48216583008439	0.0	0.0	0.0	0.0	0.0	0.0	0.0	0.0	2.1082691433430902	0.0	1.9720195853050453	0.0	2.013293449558825	0.0	0	0.0	2.31151324905307	0.0	0.0	0.0	2.13151333724172	0.0	0.0	5.356688294637509	5.28511804648025	5.2464533613249005	5.3587427050785
SM_hindlimb	3.6650195995022297	5.00466890353254	0.0	0.0	2.30485049367767	0.0	2.38576216300543	2.7164993233892103	0.0	0.0	0.0	0.0	0.0	0.0	0.0	0.0	0.0	0.0	0.0	0.0	0.0	0.0	5.278774301850395	0.0	0.0	0.0	0.0	0.0	0.0	0.0	0.0	0.0	0.0	6.23598669638899	0.0	0.0	0.0	0.0	2.4643648856569302	0	3.5126860806277103	0.0	0.0	0.0	0.0	0.0	0.0	5.6428592989859006	5.285235099167687	5.470444077028952	5.47248784868935
SOL_hindlimb	4.37512730077208	2.39401091733098	6.62465280014624	0.0	3.52540375745491	4.523703858374415	0.0	0.0	4.13952140118151	2.48725854856006	3.0104734349546347	0.0	7.05439187548419	6.555344223922759	0.0	0.0	3.3262863477819105	0.0	1.80662340833432	2.68008577820377	0.0	3.00073166866459	3.39148892936275	3.85156393205509	2.76947118219418	3.77673642955369	3.5114857077620347	3.60995430740643	4.68069972143981	6.5071642390312805	7.33931103785323	7.07464029645806	6.62826699970346	2.8928970080384153	3.217512701438235	1.8019315261149695	0.0	0.0	1.7705462688946298	3.07799309455444	0	0.0	3.1496352319981096	0.0	3.12495489695352	2.693943599110775	3.57081690033257	5.505836544233789	4.93214313748358	5.430526575941945	4.40279386187011
ST_hindlimb	6.567171403891486	6.55563571106422	0.0	0.0	0.0	0.0	0.0	0.0	0.0	0.0	0.0	0.0	0.0	0.0	0.0	0.0	0.0	0.0	2.3650324940322003	0.0	0.0	3.58721958209192	3.9162477589526494	0.0	0.0	0.0	0.0	0.0	0.0	0.0	0.0	0.0	0.0	0.0	0.0	0.0	0.0	0.0	0.0	0.0	0.0	0	0.0	0.0	0.0	0.0	0.0	5.40225457818434	5.404617814556675	5.41615548805907	5.40182983785799
TFL_hindlimb	4.1092815756181915	4.033342343005041	0.0	0.0	0.0	0.0	0.0	0.0	0.0	0.0	0.0	0.0	0.0	0.0	0.0	0.0	0.0	0.0	0.0	3.6169591913026897	0.0	0.0	3.7900487993047594	0.0	0.0	4.7023102736406015	0.0	0.0	0.0	0.0	0.0	0.0	0.0	3.44883147199732	0.0	0.0	0.0	0.0	0.0	0.0	3.59642970251392	0.0	0	0.0	0.0	0.0	0.0	5.58853873574836	5.413697865875712	5.38571100111449	5.497857402015826
TIC_hindlimb	3.74880278021519	3.01227644893583	0.0	0.0	0.0	0.0	0.0	0.0	0.0	0.0	2.1269774144885347	0.0	0.0	0.0	0.0	0.0	0.0	0.0	3.51359835605161	0.0	0.0	2.10963511279612	2.9154134761572497	3.56951339311283	0.0	0.0	0.0	0.0	2.14111822462317	0.0	0.0	0.0	0.0	0.0	1.84792562906904	0.0	0.0	0.0	0.0	0.0	1.79089886760199	0.0	0.0	0	2.00428640297374	0.0	2.0319021404262503	5.4755205124045565	5.275004636494749	5.38869498443195	5.31688823335037
VI_hindlimb	6.20071597072708	2.28735690512402	0.0	0.0	2.67866331199383	0.0	0.0	0.0	0.0	0.0	0.0	0.0	0.0	7.0183985399739885	6.630248198996941	0.0	0.0	2.3196147889561405	5.093250130701135	0.0	6.64382995072616	3.1464147919268055	7.952413033501131	3.4425715097667005	0.0	0.0	0.0	6.690172002948941	0.0	0.0	0.0	0.0	0.0	0.0	2.7679968008117006	6.5656675651772405	0.0	0.0	5.437522277982424	4.12820419606812	2.1415321258553504	0.0	3.1495996179640446	0.0	0	7.14294020854077	0.0	5.674449755557291	5.40778689930722	5.468973868069639	5.49429453526991
VL_hindlimb	5.662677913925871	2.23713822853134	0.0	0.0	0.0	0.0	0.0	0.0	0.0	0.0	2.4906778892407204	0.0	0.0	0.0	0.0	0.0	0.0	0.0	3.76546420615956	2.43639462686202	0.0	0.0	6.3411651252796615	2.917392096747641	0.0	0.0	0.0	0.0	0.0	0.0	0.0	0.0	0.0	2.41129252721688	0.0	0.0	0.0	0.0	6.99240087781606	0.0	2.9046412361665053	0.0	0.0	0.0	0.0	0	0.0	5.541166001517191	5.43207265479203	5.367695321571515	5.4611804561162005
VM_hindlimb	3.91168827012292	2.3332863393473198	0.0	0.0	0.0	0.0	0.0	0.0	0.0	0.0	0.0	0.0	0.0	0.0	0.0	0.0	0.0	2.2530478821685898	0.0	0.0	0.0	3.2077764926443897	7.214211622351044	0.0	0.0	0.0	0.0	0.0	0.0	0.0	0.0	0.0	0.0	0.0	2.8848878340873303	0.0	0.0	0.0	0.0	3.5262350773071898	2.13885206375704	0.0	0.0	0.0	0.0	0.0	0	5.51914649188891	5.4315200268579735	5.3729254715736605	5.54156194767349
Left_Atrium	5.86916584251068	3.9317648034626895	3.8077990795137056	3.563844541751135	3.658414014375855	4.9268735754512605	3.828325274703925	3.91108887804647	5.85417534265814	3.627380589786185	4.05291414736284	3.7382174991531096	3.540887094796595	3.97496966014562	5.35072485140234	4.411068957080055	3.56231897196074	3.44485914172783	3.7448140970371497	3.77180355931781	5.58006398235392	3.6832646461420695	4.07093505777301	4.65546769671651	4.430869497442321	4.022773040129625	3.4497703154469	3.57402655166522	3.741868106804515	3.10553624908962	6.445563006666911	4.116099026839735	2.930698052308609	5.02682006664309	3.44640774011968	3.88190333144086	3.6421158937311846	4.506699451186525	5.17605310715971	3.5884003841543297	3.21866659365352	3.3610324502896	4.34230152348388	3.18548258078349	3.74904017781992	4.14650376870747	3.44508454941641	0	3.0410327213203	0.0	3.3945049224086
Left_Ventricle	5.8469975391927695	3.65324244683044	3.3244164453811496	3.4954118886557253	3.55525491607274	4.08366516545788	3.4881470326915847	3.9974767619518095	3.13633781822036	3.88604038321452	4.27993224517614	3.36980096908532	3.0119124800209702	5.158589318540081	4.01816683209338	3.3232850122819704	3.4538019808746405	3.24333303891177	3.44484369841446	3.355084963362065	4.04484105110618	3.2578665960400945	3.488557085167395	3.30469968441473	3.9997135108400057	3.3231643353045603	3.202150467521635	3.31026135965611	3.83467926346739	3.08449612177936	6.1149138921408	4.3101533921068	3.2304570059668203	4.8708219206232	3.08368326352629	3.10856910245139	3.3114841962032	3.7208244741169647	3.7698146561507007	3.357251955944545	2.8560200115765904	3.13577961645594	3.40112430094483	3.14125076711787	3.3153156556474297	3.5790765828730047	3.8415859862163995	4.83837914576317	0	4.69074229583312	0.0
Right_Atrium	5.74384826424614	3.70026208446082	3.32927497851645	3.5000793094941	3.5073181000771747	3.3620654569018797	3.5972975076901204	3.700839466498105	3.3092938430993453	3.5319873282255547	3.6182512229688	3.3042345514550204	3.30539974040596	3.85291907216438	3.7000917911311855	3.3011034959464647	3.5541406711360497	3.1179522457483304	3.29630602245838	3.3797809006638997	3.6931733897673	3.226779917544849	3.6551180114862354	3.531121815572905	3.7102217078857005	3.5330534197141503	3.32081546620918	3.43793803329889	3.816283516961565	2.96285364035492	5.68249773610461	3.53438079202067	3.08652570834744	3.91326899867248	3.038120965761029	3.246890913718575	3.3032206803159148	3.96227731288971	3.96965526581209	3.24920373918684	2.76380966685543	3.2174674174544	3.48131247809428	3.077591446600755	3.37886239481265	3.92936618162969	3.51252959031865	0.0	3.28466667631208	0	2.965130931675945
Right_Ventricle	5.8790465729582095	3.651386396575675	3.153563821719225	3.24713678227549	3.4562885198791005	3.8215918184800555	3.70969191709776	4.23305073442734	3.5662488684032403	3.2747251558281447	3.89135418818141	3.31361926204906	3.3166506410334504	3.6134565832188703	3.46283527864587	3.2965819565122203	3.4837217525894304	3.411419862384075	3.4948004010462497	3.373577698228215	3.73874190442146	3.2838360085425498	3.5643819829220003	3.2668129352662847	3.40192805286555	3.21776580499121	3.4913002242876203	3.52613595379909	3.66363634203426	3.0008218446677297	6.234293615758821	4.017892414642995	3.2305594326268303	4.53536479691848	3.17988185337102	3.1841174599666853	3.2983581371987403	3.6866267474220247	3.727836460740475	3.37813370190041	2.8926645121993704	3.157104892010405	3.6051959894969703	2.98369294855502	3.44480290155537	3.859819450145695	3.35593373635572	6.196180259238321	0.0	5.899228338452669	0
