	Cerebrum	Cerebellum	Retina	Colon	Liver	Small_Intestine	Stomach	Left_Atrium	Left_Ventricle	Right_Atrium	Right_Ventricle	Kidney	Lung	Spleen	Ovary	Uterus	Testis	ASA	ILB	ULB	GOM	MAD	RAD	PAD	LIN	MAS	RHO	TA	GAS-L	GM	PM	SOL	PIEC	PK15
Cerebrum		1.65485336469256	1.7410749095851898	2.5427288663174155	2.38073898938448	2.4930599595666347	2.59044917603973	2.078859618009425	2.05429163329552	2.12247189341437	2.05821363494037	2.20415532720359	2.67136536363302	2.504981338864105	2.36936754289454	2.22770912581224	2.95819803058699	2.20216922883183	2.1959990306504698	2.1474215276640702	2.29013443557932	2.26680106599224	2.21258994442606	2.14604780427887	2.2175079132864703	2.103700199622205	2.08575990315765	2.02274464316493	2.089231902457895	2.0645386896441997	2.0677129482192003	2.10208499388518	2.2343219031196297	2.28860156522341
Cerebellum	1.76693097610279		1.78393578285365	2.66489829414047	2.514144305468275	2.592534346053305	2.7207360196337	2.19183751529538	2.1970661064617847	2.33544898681694	2.1991092323048003	2.30434350305039	2.82290550026283	2.5997449367853	2.5277245569969446	2.350094858617595	2.986961432970835	2.376769453245185	2.3776905670023702	2.373313804189285	2.5277187103149252	2.45154351585912	2.41357582481456	2.3699940673780953	2.347445848688575	2.21944198516452	2.2091241248392297	2.15638497273016	2.20790706811891	2.205659671903505	2.1661345413229505	2.23484464323618	2.3201615917511953	2.35182600731782
Retina	1.9885190294960702	1.845857571408165		2.858863401934645	2.712848931961375	2.7773295737616404	3.0717100962982005	2.3724566163507403	2.32248055536037	2.56530130056077	2.32612035657276	2.49505377661194	2.987516450173805	2.71019579902576	2.8623422947539647	2.7087622450244098	3.12171216135314	2.59665714979207	2.6071770056094703	2.5836945204879447	2.65755733264557	2.676003986029265	2.66339233780461	2.5711339409048604	2.5517260394568195	2.45293132131767	2.4910997183883903	2.3485391655567147	2.4273503563631698	2.32393099236884	2.37630472958143	2.41007559016821	2.45727071805925	2.65046842502489
Colon	2.8039700327765096	2.65424244393308	2.6083433784178798		2.1839620651509897	2.0032329983576247	2.5441599376571906	1.91460615740961	1.9045793653712448	1.9069921262357	1.91388047822532	2.1375979971103702	2.15720024025767	1.8476008328586702	2.3485798147798795	2.1445378024509	3.2179748435212003	1.8921717348099198	1.9119160389430352	1.89618599940539	1.816342580694895	1.8742481539070701	1.9310285359201202	1.9221893996076398	1.97939075791807	1.9650612426951497	1.9393750547278499	1.87568887660346	1.960633114393055	1.92395619470359	1.94355948453765	1.9031426392297748	1.9858147582869399	2.09820683487085
Liver	3.156964509520945	3.01305965459893	2.88955636726889	2.30256123577729		2.36911564185914	2.6425670595278596	2.37361635269736	2.2266181664372047	2.3433348069062	2.22535157733115	2.3940038166823996	2.2443368955992	2.22835862317808	2.70719626072541	2.66540559469455	3.54454238465956	2.1676271631906197	2.1711542373481003	2.18614347851988	2.16435736920306	2.2189734199854803	2.220279234988305	2.5089287672700396	2.465917756560195	2.2903244115619996	2.32334824939998	2.22782934097508	2.3537581941944747	2.2060059604166202	2.20937695925719	2.2064329247640297	2.3753156585692703	2.565251422885045
Small_Intestine	2.8334975326376446	2.66485007956543	2.6577196547072752	1.6237557086878351	2.1544325981733747		2.3800199229021253	1.9690999547324801	1.91102188851736	1.964652863211815	1.94553060001716	2.0877951659816496	2.06510891771437	1.8892892900092901	2.260073998013895	2.11224196593577	3.1732324206181097	1.9722941139758101	2.007314139149975	1.98221990222723	1.89179841671485	1.9575210953986002	2.005473662281675	2.0286729025249497	2.03315119399475	1.9372919350792	2.0114913178280402	1.89888779020729	2.017470188215165	1.9606357915559098	1.972784001109165	1.94059097142232	2.0566481656621702	2.12767443197322
Stomach	3.7855656559265602	3.57280464686234	3.6213467746207595	3.143118655231855	3.2091925805301997	3.48182448081186		2.95082035774409	2.5874212047762946	2.878255150300575	2.61943482115728	3.3138415987275	2.978275129508465	2.8321389890572046	3.3721932417105003	3.22452969188456	4.045423371306001	2.68083509421624	2.6067713513718602	2.63825251739652	2.57912513609476	2.6271850814984505	2.7234092597689803	2.76989311245726	2.88388281970501	2.825556829693275	2.8860396682558447	2.66484021122977	2.83307688452784	2.621766662059885	2.689864758399855	2.67493335466273	2.630966509454575	3.0009343368303805
Left_Atrium	2.93656599235659	2.8575305817864	2.593434990678075	2.535398124784455	2.36795443873046	2.58434485484884	2.92676863646536		1.55307290875204	1.73271070225281	1.64888086705374	2.4124941329185	2.6977371951362548	2.670785869947185	2.896404610670835	2.93096814831596	3.41833449405748	1.80975871798004	1.7826913083326799	1.74487626811107	1.82151838543486	1.72039606140463	1.9014034585021	1.96276940032213	2.14885703989694	2.0239951602020705	2.0611240624475	1.87250620435567	2.05156801520731	1.890548402426735	1.9970315671068302	1.82086380776853	2.3887509122360804	2.644962239511765
Left_Ventricle	3.143354701201435	2.971205017954915	2.8092438989807405	2.53220550639863	2.413354921189795	2.57478525657281	2.75168541932949	1.90947471420538		1.78965798675551	0	2.4932985988061898	2.60770672400674	2.47964088198289	2.6519789040863198	2.5923080533582503	3.49558228669309	1.8477385846165548	1.8263381221358501	1.82954392562424	1.79624803678318	1.7809410773195702	1.86414057977913	1.8953053835487501	2.17781231429902	2.10404238513627	2.0685742725567398	1.96662024172643	2.15477024911913	2.029471244227995	2.0938170527566498	1.9668517125967149	2.41679599463238	2.60052394716984
Right_Atrium	2.87137973388244	2.740901577458505	2.54148294723664	2.4033870926585648	2.33764790697065	2.458125106221	2.7102997767608796	1.85414516510866	1.4644987372084501		1.461237796426725	2.446321270595525	2.4461899521628	2.397137390713625	2.65042832616741	2.538650608340165	3.35831161986314	1.857053379773455	1.89485200384455	1.8508391910954551	1.9050430990872849	1.802357180065865	1.9195276194143602	1.914185994756625	2.0419086814512397	1.8908762175443	1.922965442388915	1.7901200887181201	1.9470223481321498	1.7892781613228401	1.90960409160965	1.8162885872668502	2.188772939311505	2.384222674047035
Right_Ventricle	3.05269429126786	2.94084245306845	2.7834967158950246	2.45457002484844	2.39803167105504	2.511447902948005	2.7265116612705	1.944078310210815	3.13066135462777	1.795990632488955		2.42136103904122	2.57721105494716	2.4733405001041797	2.6426946032910896	2.55233892412665	3.4949117872579403	1.8197796214574298	1.816125833440285	1.82254233104973	1.79225555816905	1.78514652694244	1.8417239752201002	1.89123403566667	2.18721317999726	2.1187344767456002	2.056968576509695	1.9687498987820802	2.12637371270929	1.96833946818009	2.06963403607444	1.95240207547185	2.388291777763105	2.56037747855973
Kidney	2.82286415198044	2.63322797149667	2.583565168746115	2.14986601406732	2.08082022722746	2.1256531527630447	2.44980807285092	2.0794694484729703	1.97288501425937	2.01339328445832	1.98169760881684		2.2406812249247	2.35064278542098	2.3855276546880253	2.2955029101649402	3.27087550529502	1.9723058829566598	1.9715198973277148	1.9774169164201298	1.90817070780922	1.94832171317536	1.924345216673855	2.22918043658721	2.11366361469193	1.9989594842633798	2.06358240109992	1.94011122285624	2.082421210515165	1.955516941534605	1.964698819473965	1.9694171511779253	2.08566513190137	2.17419952830846
Lung	2.76261941913905	2.6940512640642593	2.453782396172735	2.04732179951927	2.166601204315715	2.05967516545739	2.4660772195197	2.03087082744216	1.99649299689536	2.033892866460495	1.9905925499161499	2.14869771775966		1.7488396465195448	2.3608316793417146	2.24317532904186	3.05400902707873	1.83569263187151	1.861474059923615	1.847586389125915	1.8165645050802801	1.8574900978874	1.85955498861134	2.01835619716883	2.106845149854485	2.05861103494234	1.96949338446195	1.98394381904333	2.01418962276557	2.003709342936235	2.0091576110027347	2.00763204670421	1.9821370014025548	2.03577817992273
Spleen	2.78515282630136	2.7161687992730403	2.61909312286851	2.2125451838261947	2.31674689317465	2.2951109566605	2.71062586761957	2.16026630573739	2.1082455673963647	2.1579592396671403	2.1107682134448402	2.31153424987511	2.40125634253167		2.54381072515656	2.4890814639689847	3.162888578283485	2.076741093162375	2.0708217460149	2.04327073662883	2.08140201521331	2.081511219118545	2.0857820523535198	2.13186231082345	2.2442630588433103	2.168664559838045	2.119127765422275	2.07821929920687	2.163277392741	2.13507454619901	2.13998546900327	2.1323885035855152	2.17347012502122	2.2837800757435547
Ovary	2.6490002785095954	2.482899008181605	2.2394444790492205	2.249116749326925	2.2178820320808397	2.34126553681454	2.4985092591763696	2.080424702580685	1.94272686233052	1.9747822696769	1.9363105522486002	2.18850037123654	2.2948783789126	2.4062446698853197		2.373547374034625	2.8367349514884	1.83996468778284	1.8223834955257	1.7485652230220547	1.79798984567673	1.91372380580761	1.9564831077727498	2.19993936605763	2.17067730291587	2.0991199434474197	2.084574445940815	1.98307851450832	2.04177338889751	1.98773353790772	2.0264685491764	2.01985078146861	1.887062292822825	1.94292120057243
Uterus	2.7291736315213995	2.62312591762048	2.48951811780493	2.3798716294380804	2.29015095177727	2.3964804226114502	2.55372157936061	2.1049146936801297	1.9604546771262101	1.98693782768307	1.964654978817465	2.174461059872205	2.6241599015155	2.61304896214582	2.709532437508095		3.1108684012553445	1.994141546154905	1.9326098695966798	1.8480426656663	1.9305716973352098	2.014149781090655	2.05845890219909	2.2605843073905802	2.183049724783885	2.16534701019664	2.11014806700371	2.0001696420865	2.103349564414515	2.027528242048575	2.03849558685221	2.0173845623469	1.975156566678	2.0186568289275852
Testis	2.2795216663227205	2.1532711648406897	2.1872236022403	2.17554547724695	2.2110849728337203	2.1883300361360702	2.1773809051898403	2.0383738166564003	2.06400782723336	2.0816817945252	2.06253702981895	2.0316239193798	2.19337141088188	2.13415199407617	1.9809312099989098	1.995978016372495		2.069789748277185	2.03210901066736	2.036017420613235	2.01647670697356	2.10686640340602	2.05697078653779	2.0369103240731	2.1391527268147	2.08707859038508	2.06996897914074	2.0735217143437303	2.09404246081177	2.0965999422392	2.0580540062162456	2.09364608321356	2.225300843043	2.191252683548035
ASA	3.05513640154812	2.9045927701971	2.60127765819865	2.6459129464448448	2.2587627234619103	2.648748534998335	3.15038656620167	2.096253644710135	1.971860891478995	2.18529645080307	1.9926122602600151	2.42411293572567	2.6725456032837798	2.58567656001319	3.2689375539375902	3.270530178446175	3.5303167602251797		3.97297047905359	2.00767663567083	2.32906269734495	2.26547835021772	2.342176705661755	2.8085166882583703	2.1246874490508647	1.975159072484445	1.934836378924735	1.9175913669030402	2.01477295134824	1.895131946907845	1.98828553989672	1.91958529647129	2.2775672991108302	2.50445089236737
ILB	3.14096727210826	2.97952115730032	2.69115617680198	2.68987760269043	2.3267458703029402	2.6872161147601896	2.94945199910939	2.185059472507755	2.016985528585575	2.2276936543756203	2.0403261531034698	2.4459910478467948	2.7214505531784803	2.6463085173640497	2.979546949407685	2.95304199090141	3.55686149822455	6.435416028402385			2.19137625775961	2.26170621714364	3.37973040000836	2.73354961050633	2.239621309653895	2.09080667580802	2.009651986494215	1.9229605048114051	2.073233334893385	1.91639266475512	2.035494065492585	1.9640046509707498	2.157814117691455	2.38822283477733
ULB	3.04126088461423	2.8462241403535753	2.595946846990815	2.56071386386138	2.2241389258480604	2.56194827580996	2.920276323733845	2.06758641786625	1.931497290928505	2.19106306775907	1.94788656956362	2.3502068195262997	2.659826434764985	2.5271079787634703	2.8381532779020096	2.707569082082055	3.525380414057955	1.79226709788214	1.27302407645727		2.054870209573715	1.99285541196242	2.5270964485074296	2.5304297305024503	2.09495151660585	1.9863568424763798	1.891146253933	1.8494714896731999	1.9690515469206649	1.87010662732445	1.9617997920969898	1.91414623582018	2.13312069912162	2.386443479918565
GOM	2.8810268329354196	2.704956498320225	2.47526769611443	2.27394187753492	2.08622272897394	2.290572101323985	2.6929754658308296	2.003168939999885	1.925688815712735	2.08613945203898	1.9595352858690198	2.21012444935203	2.28656538947326	2.26317356185362	2.73249607696828	2.6429380533869304	3.36654133991253	1.84723060016829	1.9010531395770902	1.84598075829166		2.21069094971062	2.18925619333606	2.35676085695845	2.08814444055852	1.9571618118342302	1.906231832281775	1.8618577737117699	1.98555858265138	1.868486930661765	1.9429745060063401	1.9078798670393797	2.093981648749105	2.21820830888778
MAD	2.98285903367164	2.7426401636336295	2.6876700066662997	2.4658146469778903	2.3178701341080097	2.486915103430975	3.151946568221105	2.08895474335929	1.931347342820605	2.16779808795259	1.955710781291455	2.3644518799748298	2.5223822783743852	2.4088952848702996	3.225423655031255	3.2011909216052503	3.5074320894431903	1.9642870682678701	2.056419305066025	1.97531591853919	2.6702701950228303		2.47572634608451	2.9221848370174404	2.12483599104436	2.0029674076951	1.94768282499909	1.88935467020165	1.99216253521659	1.870612101265585	1.9801746561143798	1.93225963316349	2.26270398594777	2.58788492580874
RAD	3.0775940931581203	2.910140187321285	2.76199347188685	2.63144139139739	2.3813199002401	2.6531958056487004	3.166906119999	2.2897380186387	1.997966305562095	2.28987115541983	2.03063124474988	2.56228258710943	2.6910313382890703	2.5910763654627798	3.34036117387227	3.365332345576455	3.53752990715636	2.5093299616039904	2.5946602291358554	2.2589377799864705	2.91533350743713	3.49115246867867		3.214099815214515	2.348843291514685	2.1250098800446704	2.15741436155121	1.97780297736771	2.1014212027674453	1.9426158199503898	2.05525503047703	1.9853497517096752	2.3189235781800495	2.6661823390883197
PAD	2.838339436434545	2.62192284527255	2.464924879400015	2.5492147599021204	2.3401510895859303	2.58788480372198	3.01746492141085	1.7919924157194052	1.7349304300435702	1.73978255509797	1.73693812972305	2.36178458571834	2.7229150141911846	2.576492393417735	3.1479999740996703	3.085873509256215	3.26715066601922	1.79676656201767	1.8578108724951499	1.6873309353432049	1.9101163369842902	1.91886070083469	2.287125339908445		1.9304911609279098	1.8109415697034499	1.82040432203129	1.7567511055752352	1.842540412710275	1.76383117171428	1.824262263583175	1.7674077459526398	2.27818262821362	2.4768323509277597
LIN	2.99520427265239	2.8280197957103197	2.7048648219635405	2.5500285061963197	2.5592720745616497	2.54176140181609	2.8932748583011203	2.141535120082625	1.9937051461811102	2.11445351644379	2.0587320699023346	2.52161386749533	2.63709572307485	2.478574236379465	2.84154468102892	2.92360078061953	3.456561247173445	1.76026868999498	1.82848202269694	1.82117379720785	1.8413368871401499	1.826649299218765	2.0486635600748997	2.15572902559287		1.62301593289818	1.913636490346875	1.71127492637277	1.80816766910482	1.70123038158624	1.74751030728663	1.63055503723301	2.37186069423593	2.62295678520489
MAS	2.9779212932070998	2.759608936518605	2.708839945939255	2.4416239178158903	2.4641466942626096	2.49823584379903	2.841402902659035	2.08195233281186	1.8797983974268502	1.9941801693115602	1.9779385459592	2.4502149030223697	2.55230145637618	2.365395544385835	2.672800469535705	2.7084290220849896	3.4541464902315	1.74102110847054	1.7249319387477149	1.7074181488208	1.72467455147391	1.6872624343646552	1.8151291005456	1.89639540465919	2.02143099401655		2.08468164620785	2.0126818226921452	1.92023905165252	1.7572205887249799	1.9484265380166	1.6824099184123102	2.46035245635055	2.6766292272676
RHO	2.939191329949375	2.80676762068172	2.75177722213602	2.5965402524385603	2.3918585770665497	2.5846366532861804	2.900934810183675	2.08112451035676	1.817659036402015	2.00733758071907	1.84792904364034	2.391914855181845	2.6537537657030352	2.45808343631257	2.79043826459873	2.77447821233211	3.5486148243997095	1.5219075054991102	1.516775453486285	1.50723906701722	1.6362317858196203	1.5413470910870302	1.680575183595135	1.9438613790976151	2.08953013736125	1.6056435814080352		2.7511464478045298	2.8573098008140603	2.5824711022122497	1.696141590447755	1.407158019302595	2.41453515604903	2.66606822201408
TA	3.021208413198135	2.80883963410541	2.90487950647608	2.47676572199587	2.3901539295429903	2.5690626122649203	2.743506572326435	2.13043735794154	1.87763327495052	1.9747055257273098	1.9298016565334049	2.4029679251214002	2.577477550070645	2.44798672537588	2.563649070060745	2.54621133293959	3.65861339190892	1.64698378141267	1.616657460264705	1.61153526450342	1.62891902510963	1.5944209017201498	1.6598919212208403	1.82269715539857	2.0254778652231247	2.03781371622684	3.8073619945062593		2.889972614764215	2.2067500378691154	2.1162638551936	1.546331391615825	2.39538215761116	2.59117308263201
GAS-L	2.8348551506060695	2.65092332310097	2.66164820595781	2.4119422971760454	2.3307425609210695	2.494778451642275	2.615225704760155	2.00425320982783	1.79630212795971	1.8425650855317	1.83052674893741	2.25777009208865	2.46572735589936	2.33856134592297	2.34051057954334	2.34130955439877	3.3994159486831252	1.7268633848252999	1.663041448924175	1.646770005851245	1.703763600565865	1.63983752790288	1.7115938929873502	1.768458052889195	1.6537027614115152	1.7250882906053602	2.3010581999502953	1.7902299267262398		2.71893882313864	2.2602350062387053	1.4237921827374198	2.28283106103563	2.470418581613425
GM	3.04088189909245	2.859086739936285	2.8554880465057897	2.61613138663685	2.46348787097359	2.6224004946600297	2.769287517049065	2.18066321069526	1.958704054627515	2.05456130355013	2.0421419726316	2.42420444589688	2.7060628423157054	2.51967455902589	2.5849086136997004	2.55080961607584	3.677556650619835	1.679143503401615	1.6545397226141352	1.639707567720555	1.7189537844255751	1.6414241930946698	1.736182056830625	1.8954078385686202	2.161295670036945	1.994014193817725	2.42123569919523	1.960179190935025	2.8536950884307597		1.95219290813136	1.72892487808438	2.394234703438515	2.635965359607935
PM	3.00598366272099	2.83777383265163	2.81719510228464	2.4549064704988903	2.41735498862315	2.5261384229611603	2.6312971957785196	2.095073248123255	1.88668000972871	1.96174624830432	1.8883456761598	2.4387161886847	2.4960217322604903	2.42122449964281	2.5186389306299697	2.4464489070844797	3.5772498518583653	1.82993312156287	1.7663393530075	1.73948067554676	1.7796568279187799	1.76496080299081	1.7966298997513102	1.9096621291774398	1.88651629547533	1.8790411118923451	1.95101927207769	1.94214284478317	2.6537825287243146	2.01725579613952		1.6460171735810452	2.37735080968892	2.550129859830805
SOL	2.9898042247918903	2.750373278261515	2.734176546044905	2.45451407911455	2.410198346751085	2.4978350222712797	2.6601514556561003	2.0907807939858403	1.8921912672700198	2.0221445279965202	1.97418870871378	2.35736813814729	2.53919952159534	2.3621588093915498	2.4625467607910654	2.41270053944136	3.5055489569357903	1.65863923589209	1.6764275542591798	1.6678495504338153	1.69937967114358	1.61445720629498	1.6972518998154	1.856312573168565	1.9209868555475098	1.780041231213755	1.7888062745092501	1.75309141481053	1.8858495054325102	1.481868153608465	1.581643955814605		2.3162345626296847	2.5014776199325404
PIEC	5.93329292391183	5.77915296643466	5.982626348623334	5.95920246917226	5.24438692776531	5.95608334952046	5.780835804148405	5.3551971971793	4.966983986521329	5.502862617539289	4.966633766751335	5.3618432835668	5.871574865933651	5.8906615232979105	5.6893325625106	5.55993008671752	6.10442342046303	5.453750809576315	5.372097228023636	5.48293224176628	5.54369282110296	5.631237857689405	5.567254379653615	5.824034669137445	5.428913242697541	5.268162157969231	5.391871799462299	5.10895267550671	5.16550958184547	4.8375751667476905	5.086497803386685	5.17001133061423		4.21543053432459
PK15	5.0635365327414	5.030482250876255	5.28014047563057	5.64127496714592	4.693731846974554	5.633693893649309	5.67391757514047	4.859295852704865	4.22726441570638	4.978546144421051	4.28648708167684	5.03798539603074	5.451154142661545	5.75359030855613	5.28093453585167	5.079337127676521	5.74002981251025	5.09663033001653	4.942476959402265	4.98278293300676	5.1781060983900495	5.16055181629974	5.05096034079567	5.3294030707347195	4.81367301332425	4.673616369345059	4.729585991382691	4.416749437159795	4.607257489573595	4.20580054488164	4.455515977529865	4.51095721425269	3.6343854765763997	
